Number of false positive reads: 400.

id	correct_species_taxid	correct_genus_taxid	sam_species_taxid	sam_genus_taxid
a96257a5-5eed-8c15-ea3e-55b69ff60533	1423	1386	1639	1637
7ac1a1e8-50e9-6c6c-2ea7-f4949fa5a319	28901	590	1351	1350
d143ae46-0302-4e80-b985-f3a7fd17ef7f	28901	590	287	286
cc9139fa-e9b3-721b-cb64-a4f093668d0f	1280	1279	287	286
3429fec5-b978-5417-eccf-cf8af61205c6	1351	1350	1639	1637
17c6fc22-0ba9-cc6c-e086-efd232eded60	1639	1637	1351	1350
65a77823-7a95-c126-2586-4d89c60b6f20	287	286	562	561
47812012-2ec7-7467-e73a-a4f312642c6c	562	561	287	286
1c109f4c-278e-c963-8c77-f5c3247e9208	-	-	562	561
0e77707d-b1e4-3996-0187-2c9cf2527be3	1280	1279	287	286
d14b9e35-88f5-b01a-0bac-4b129faa7868	287	286	1280	1279
5b3b71f3-c5a1-b0d3-d4fb-15d586a850c6	287	286	28901	590
82136855-18ce-b9a6-489b-18a556ed85e3	1639	1637	1423	1386
10f58a96-331f-05a0-80ff-7b8dcc960482	1639	1637	1351	1350
4170214d-e633-548a-a364-d24dd1856235	287	286	1423	1386
6c4e5e4a-d97b-470a-edd8-e1a782a0d7ad	1280	1279	1423	1386
fcaa9963-449e-216e-d14d-2e5cb961d7d9	1280	1279	1613	2742598
6a5c937d-a7a4-850d-064a-4582e3805931	1639	1637	287	286
f21d8dcb-665d-d51a-dbe8-199d2fa68b8a	28901	590	1639	1637
acb32f8c-2a09-9d06-a02d-8f1ac34b406d	28901	590	1423	1386
c72d601e-3fd0-cdb6-3078-eac0bf232b30	1280	1279	1423	1386
ba0fc1a5-42e7-ca17-a388-a40c9d2c03fb	287	286	1639	1637
ea606a6f-8632-a7ae-8f71-322b05a1b34f	1351	1350	28901	590
eedc414e-b5dd-ab6d-b2dd-8a2891124ea9	562	561	1423	1386
e1d9178e-11e3-7c2f-4607-7bbbd23e91d2	287	286	1351	1350
57dfd696-351b-217e-6e39-7f85cc53ca08	28901	590	1423	1386
e09b46b7-92e4-1cb6-5cbd-205d9dc3f3ae	287	286	562	561
f7c695d5-d1c0-7357-1055-b67576e13721	1423	1386	1639	1637
aad526a9-a61b-267d-8507-0908b7d077c5	1639	1637	562	561
85883000-17fb-c16b-c171-83fea5651a3d	562	561	1423	1386
afe402da-1c42-5eea-c8d6-3b7c80310653	287	286	1423	1386
b447b4ea-ae02-58fe-5ce1-898a1f183804	287	286	1280	1279
de747aa4-8b10-4e57-12db-9dc2a3915f1a	287	286	1613	2742598
791afa07-0919-2409-a71b-0265e226a43f	562	561	1280	1279
2f70c8f3-9f56-30a2-7d5a-309cda680f32	562	561	287	286
d6fbbecd-4cc3-cbe3-c398-8964c2ae1ba6	-	-	1423	1386
b462788d-d765-f243-9c65-540dba5fc714	1613	2742598	1423	1386
711674b9-0bb8-0563-cccd-9ec6c57443f1	287	286	562	561
60a54b95-5f06-e8ce-4a64-c0a2ec86a95d	1639	1637	1351	1350
63ab3c0b-2e04-74c2-5dc2-00b0c3cfbf12	28901	590	562	561
f1356ba3-e057-e22c-9d0f-57e9e131b9e2	287	286	1351	1350
c754bc88-fbc7-924e-42b9-d2ff671c184b	1351	1350	287	286
e7ac4e17-2d92-4523-34cc-83250be9c946	1639	1637	287	286
b5ee6416-8101-f04e-d611-6b603c1d621a	287	286	1423	1386
117b3ee0-a6cf-90ac-d9b1-b1812fe4b081	1639	1637	28901	590
1fdd7fb7-fe98-8bdd-4a61-293a0f5c3418	1423	1386	287	286
8ee7b8aa-2e12-6ac9-8606-71ce9db8e925	1423	1386	1639	1637
020b7293-28a0-6a72-f13f-8d72053ca784	562	561	287	286
0eb7b9d2-7f87-6e32-3646-d03625d8a207	287	286	562	561
b1b53533-6b60-d137-4bb9-488d88ffcf14	28901	590	1280	1279
aa6b7e81-dbd2-510d-68a1-2426d837a3f5	-	-	1351	1350
5d0f76ac-47e6-fca8-6213-3566e7ad813a	1613	2742598	287	286
555689d6-72cf-6efd-434a-95796a317e23	-	-	1423	1386
e7f5b4e3-81c4-32a1-2dac-1d01db1062b8	1423	1386	28901	590
4b1bd53e-55e5-ba9b-4e31-666e71f369e9	1639	1637	28901	590
927b9971-7dba-481a-cf13-828eb984dc29	562	561	287	286
deb2133c-dda4-362f-8788-cffdf31e5dc2	1423	1386	287	286
7b043e59-be23-1c84-a243-5cb6df3c3346	-	-	287	286
2743d6cf-c413-cfa4-170e-2be7d65fca9b	287	286	1423	1386
b5385a98-cc9b-d2c9-f0cd-5e842586f9ce	287	286	1280	1279
6b58e3b9-3a05-398b-6045-835000a99417	28901	590	287	286
4b57bc07-d238-a575-26b5-91cfb5eff374	1639	1637	1280	1279
57b5be0f-7f16-7a33-678b-d5b572f0a4ba	287	286	1423	1386
24dbbe3a-14b5-8fa7-592c-be52b88b3abc	562	561	1351	1350
f943e173-2c20-9472-dacc-146905ce732b	28901	590	1423	1386
234f1f14-5826-a1da-04e5-92e495657be9	1351	1350	1639	1637
a508fc3f-21c5-d0dd-9a08-b2045c0bb786	1351	1350	1639	1637
cbed1044-274e-8f2d-6df3-f9b30118d565	287	286	1351	1350
0cec5a08-399c-a56a-1ee9-2576147fa24c	1280	1279	562	561
7165e0ed-c2f3-b000-4489-7671950e926b	287	286	1423	1386
7c4fe1fa-4065-52d0-4366-bec60dc04b5e	1423	1386	28901	590
596a5f47-56af-6214-980b-1b323992b116	287	286	1639	1637
da46723b-7d03-74d3-8ea4-c1e2d0ef1e9c	1613	2742598	1280	1279
0e3a7fb4-01cc-b5f2-08b1-644325729794	-	-	1423	1386
a1305a6f-2ca7-0492-fb05-e401f725baef	1423	1386	562	561
77329ad1-4f7a-3c63-d55c-ecad5382536a	1423	1386	1639	1637
66e5c6d5-9bf0-4cda-e635-44f70225cb99	287	286	562	561
f7301a1f-b2cf-bca6-998b-14714da75aa6	1423	1386	1639	1637
0f0d99c5-c076-2906-6c7f-b85616631dd5	28901	590	1423	1386
4a28b11c-e521-f2de-4b93-c252ce7684ac	287	286	1423	1386
2b07ade9-4a74-63d4-bee4-9d29af33b5fc	1351	1350	1423	1386
4c985427-a4fb-3535-9ad2-f509dff092da	28901	590	562	561
ca96c5b3-6341-3dd1-65b0-5548486422a7	562	561	1639	1637
a23d417e-bf9c-36c6-984b-1f8d0f37d48e	287	286	1280	1279
f22e3a79-a3aa-27fd-8a54-42c89da8f548	1613	2742598	28901	590
740b6d9e-e64a-0432-200d-8bf9db8454af	1280	1279	28901	590
067d2947-7012-0128-db85-8aaefa54c9b9	287	286	1351	1350
eaae3ab6-c052-9a4d-2c69-e791bdb351db	28901	590	1423	1386
ca42d968-1b58-7b06-b6c5-6a264adee480	1280	1279	28901	590
4f49280b-7826-66a6-9f83-0435bf8496f6	1639	1637	562	561
346e928e-b051-5ddd-96f2-2626069d8fdf	562	561	287	286
ad7c2f5a-961a-bc57-f429-923d94ad8f4e	1639	1637	1280	1279
6dea2dd5-69ce-2f8f-405c-c770cb9f1535	287	286	28901	590
a097c3db-d481-3210-7ede-6925695c7268	1423	1386	28901	590
e190cb79-abfc-6303-e7a3-c485754faf75	1639	1637	1351	1350
8f4188ba-f29b-4801-f6e1-d780fc14846f	1280	1279	1639	1637
361ef2ab-46ba-d782-e4b9-fe64665f2c17	1639	1637	1351	1350
bc0d9f5d-fd88-c70a-76ba-f8dc0f1ded71	562	561	1423	1386
f67f99e7-4b6b-d2f5-78a9-14cdd96fbd35	1423	1386	28901	590
8e153cf6-5837-293e-5718-9a4b2d69dc9d	1639	1637	287	286
bc1fac86-ec8d-e9e2-0f8f-7422885d48fd	-	-	562	561
e47fa861-1949-2b59-dcce-bf33d5c9dc6e	1423	1386	28901	590
d0d8fbb1-dc81-fd58-5738-bb31a9f61f8f	1639	1637	1351	1350
4376fa13-7f38-dcd3-05d3-01dcd8f123f5	287	286	1639	1637
575b1a88-cb24-001a-ae1a-65bc9a4dd915	1639	1637	28901	590
9295ab96-336b-f47f-3521-20f08ba41ac1	1351	1350	28901	590
f776f88c-002d-9b91-4427-1d3fe8e5aefa	562	561	28901	590
08066ae2-0a79-434d-6175-f122ac18a5db	1351	1350	1639	1637
9209533b-2bf1-98f6-be6f-a0cf6d97e30f	1423	1386	287	286
78a986c3-15ed-133d-841f-22199a5897c8	287	286	28901	590
7693ec48-bafb-056a-f62e-d9cb41394d91	1639	1637	287	286
115fe802-c31b-f6a1-731b-62f37af9e167	1613	2742598	562	561
5d7eecb8-95d7-1f52-1b5e-246c4f66ee26	-	-	287	286
53852fed-98b2-cb49-9bba-d59542bbfe5d	287	286	28901	590
1dd18ec5-2238-8be7-8beb-0453576abbda	1423	1386	1280	1279
1c2b3107-ac74-15b2-743b-08f320264eb2	1639	1637	1351	1350
9f0290bd-d441-ee2c-a1dd-ab2546042a7f	1351	1350	562	561
c8bbc442-3da4-7ca0-7da5-e1616af2f2b0	287	286	1639	1637
37aebbbd-ee81-c810-67a9-3215c6b61aab	1351	1350	1613	2742598
ec59caf5-1766-1144-8de2-2a4f13845cca	-	-	28901	590
1b11040c-7a83-0b75-0a7a-39546f6bf8ac	1639	1637	1613	2742598
0487bc30-8106-1e6f-7d78-3a2791344f8a	1351	1350	1639	1637
19266e0f-3bbc-3dc0-fb3e-995631a388d1	1280	1279	287	286
da6f993f-118f-190e-e9e3-7a993abd84d0	287	286	1423	1386
cc56be0d-c749-67dc-e30b-5792fbe350e0	-	-	1423	1386
7ac082f9-02fe-6634-c2d4-32e48ba0cecb	1280	1279	562	561
dac06f2c-04f5-f0e0-32a2-b4bb7963d2ef	287	286	1613	2742598
e6149e55-e1b5-2846-3752-66ee851917ea	1639	1637	1351	1350
22618d65-0f56-d03d-56ea-ad662d9c2697	1351	1350	1639	1637
ca0e5daf-ad1a-e3b8-f54e-ff18322378f4	562	561	28901	590
a9a4cbac-5f7f-a0a1-ed0e-44b8fffd419a	287	286	1423	1386
4b371c80-0b0b-c161-e456-2c1d09a53187	28901	590	1639	1637
9c3b660d-1f56-98df-fdbb-357acc9a7570	1351	1350	1423	1386
042d167f-204e-5d6d-ef85-e9053fe8640e	1639	1637	287	286
db5a95b3-4b17-49b3-148f-7b0cbbfd3fbe	562	561	1639	1637
1a744fa8-59e1-7ee7-483c-da4c2786edb1	287	286	1639	1637
a1fde11a-a5eb-5f1c-4c2f-56c3668ca49c	562	561	1423	1386
beb04181-5930-4cb4-993c-77cf125b3fc2	562	561	287	286
c64efdc0-9bfb-ef1a-cf52-3a3306c60109	1280	1279	1639	1637
deb37b30-6c2e-df3c-7e2c-989f4f31a836	1280	1279	1613	2742598
896d8b73-43aa-966a-9ccb-7f469c42f83d	28901	590	562	561
5ca6bc17-7f3c-19a3-6a3c-6f2193e183ec	1351	1350	1639	1637
b21477bd-e1bf-ea1c-411e-35bf48c26f85	1639	1637	287	286
6a5b5321-e3b7-0905-e745-36ddd27eece1	1423	1386	1351	1350
ca2d0ca7-253b-f978-129e-4f4f214b7af2	1613	2742598	28901	590
b232afca-42b2-9664-610b-152973e07f2a	1639	1637	287	286
14e55a2a-1d4a-bdf1-f46d-74fe43dc823d	1423	1386	287	286
8433de1c-799e-01da-4218-3ba19707caad	28901	590	1423	1386
e97161f0-bace-a72f-c0be-98be06e27a4a	1351	1350	1639	1637
3a165b34-3e9c-635d-f309-aef23166e397	562	561	1639	1637
eb545307-83ec-2c2f-2ca6-3087a0d4bbe5	28901	590	1280	1279
e5c1791e-8231-e83a-fd45-b4ed5ae3cc83	1351	1350	1639	1637
33ab2ffc-a23c-bb2c-d53f-dc20f0d6e8a3	1423	1386	1280	1279
54beff40-9d55-69dc-571e-66d5bff775c1	1613	2742598	1351	1350
2b39e9f2-11e1-d4e1-080e-04c519395e21	28901	590	287	286
47951a1c-aaf4-4f7e-0741-0df094d542bf	287	286	562	561
7cee9274-2ef5-b419-641b-af5d594100f6	1351	1350	1423	1386
0c3a90da-bacf-fa67-9952-b0ff84210b79	1351	1350	1423	1386
82687f31-765e-254b-c8d7-c22d54a85667	1613	2742598	28901	590
72baea5b-d81e-fe4a-b10f-30a6eb8d8258	1639	1637	1351	1350
21d56a9f-2ea1-5057-1d89-0443c633d92c	1423	1386	28901	590
dceff1c6-57eb-2871-854f-de403c041bba	562	561	287	286
71bb3e59-2308-5122-d6fb-f4a56a14fa6e	287	286	28901	590
060a652e-a21d-1cb2-1b5d-bbafd413fed7	1351	1350	1280	1279
e8a79d8e-7ae2-dd8b-d2b4-7c364974a93a	562	561	1280	1279
cfb84230-10ee-e465-4416-ce1933b4f98b	562	561	1639	1637
2ee361ae-c4b1-a5a9-5d68-946769894746	1423	1386	562	561
4f2077df-e003-974e-3da3-2eb5227f455b	-	-	562	561
d2f41ded-76f4-bcd5-1d1e-64144ceabd37	1351	1350	1639	1637
0bf1edde-5ff1-0ecd-9369-881de3a3cd24	1280	1279	28901	590
5f066e99-8f13-e732-47cd-14b4dcee491e	1351	1350	1639	1637
ed9e8561-7ae2-ee36-17b8-403c4a5b5e9f	1639	1637	562	561
19f4e2fd-206d-8498-1666-477adc2dc133	562	561	1423	1386
79f0b751-3d9b-12d1-8641-ac342e23217c	1613	2742598	1423	1386
1035daf1-29cd-fd31-08f3-1dcde21c77ad	28901	590	1351	1350
ded4883f-e144-43d9-5336-f28415b2deb0	287	286	1280	1279
d683decc-63d0-141d-1e2d-31ea09bab584	1639	1637	1351	1350
ab43d4f5-9620-5964-8864-4cb495124d2c	28901	590	287	286
8764ecac-1b99-fa51-2b5e-a6806c024cdd	562	561	1280	1279
004a6046-a57d-0c09-f622-3ac0e4cf0e0e	1423	1386	287	286
0f3601d1-038a-0716-4de4-9fa305465f5f	1613	2742598	562	561
203db88e-934e-bf76-4a34-1f4daa90ef78	287	286	28901	590
46f4cc80-dbfb-f0e0-10fc-d6073ce38ee3	1639	1637	287	286
70acb740-e35c-620a-d22e-f48981e9aaf1	1280	1279	1613	2742598
4b09aaab-fb83-848f-4d49-11ea3ad463ff	287	286	562	561
f8b5cedc-c1e9-9fe6-df25-5651565b5c3e	1351	1350	562	561
0fba8782-e350-444a-977c-5d3ad166fb3f	28901	590	1423	1386
245e2585-b778-442b-aeff-1445f2019fba	1280	1279	1639	1637
9e3da822-21de-1d91-62e5-d5677e71b68a	1639	1637	1423	1386
14e011dc-5322-69ce-36a2-dd53a08b31fd	1351	1350	1639	1637
a15727ab-51b2-2b70-c448-f35a94ce1d6d	287	286	562	561
316b50ae-ab60-3950-3e96-7d4e54397e81	1280	1279	1351	1350
108ab659-f74a-2be0-1251-3c0cf37e2106	287	286	1613	2742598
a0353408-1f62-e80d-63af-1a97d39ea471	1423	1386	562	561
9bf2b659-b413-1dba-cdeb-8fa4e08f84e5	1351	1350	1423	1386
90f890da-679d-fd04-2cca-45c67592d81b	1351	1350	1423	1386
467a024b-57a0-a793-e534-2e27aeb0f584	562	561	1613	2742598
b5489ad1-f5e0-27ba-7e67-5b21659bcb93	1351	1350	28901	590
c50a31f9-5121-2579-9d17-a9283e6820fb	28901	590	1423	1386
033e767c-a4e9-607e-f35b-001853152fe8	1613	2742598	28901	590
c2423049-5b0f-b52e-3ec2-253c6b717088	1280	1279	28901	590
4d976357-1195-e09e-3784-7a4d8c91e77d	-	-	1423	1386
2f7d2657-7d48-df8f-7efa-8fb9d933caa0	1423	1386	28901	590
ef404edf-96c8-155e-d3b1-8ee68ffe468f	287	286	1639	1637
02903c53-410e-6acd-c192-5060102eb8a0	1639	1637	1351	1350
415fad0e-0717-d38f-9007-c4b149421c54	1423	1386	1613	2742598
e092fcd9-50cc-80be-7669-f2e2051c67d3	1423	1386	1280	1279
9d5ffdb1-f19b-9941-e836-a164c7dd7e5f	562	561	28901	590
17cb9f28-80c5-5ec7-6b0e-8803ec7aad2c	562	561	287	286
56335b43-8455-154b-55cf-5de2774ffa1c	562	561	1351	1350
11ddbf2a-fc53-0be2-fc8d-c3e29b0a363a	562	561	1351	1350
e151501b-250a-a34d-9626-2f392f9f141f	1613	2742598	287	286
a81f8154-517e-4f65-08ae-1f954b2cfd30	1639	1637	287	286
35df4f58-1301-f437-a216-fef62188174d	1423	1386	287	286
23f75083-fe10-f6b8-3ffe-8c1756bc8f3b	1351	1350	1639	1637
aa1f0c50-eca0-df39-edd0-9c65764b3520	1639	1637	1351	1350
9faebdb5-09f8-6656-6458-9f6d9bd2ce9e	1639	1637	28901	590
f4d97046-05df-f1b9-85d0-769fd9d825e2	28901	590	1423	1386
8bac2ccb-d662-29ff-4a70-a7c9a6491771	1639	1637	1351	1350
6df9a2db-845d-8b2e-dba5-0cc3b524685e	1280	1279	1351	1350
6a15dc28-8096-f117-322a-cea3485d843f	28901	590	1351	1350
1698463b-50f5-17ee-e893-85fdcd5b1c98	1423	1386	562	561
05d5aa86-4a81-8c56-e588-1d0a0a1d201c	-	-	28901	590
8ee4af82-c170-d1d7-b946-4f4f09304dc4	562	561	1351	1350
caf34922-37ba-6b16-3576-d2359346bbf4	1423	1386	287	286
fba283db-86c4-f018-3a01-a0264a91637d	28901	590	287	286
89950088-46cc-11fb-a55d-c5a5138901b0	1423	1386	287	286
f0ac7ecd-ab2d-7f52-1d3d-37dfbbb945de	28901	590	287	286
61f939e3-974e-5bb6-5ef5-ecb17acc0e65	1280	1279	287	286
e5b6a6a1-d367-1c7c-1f28-33f1398bcc1d	1423	1386	287	286
44bf7c49-4fe1-bb79-6db2-a6ea38a7480a	287	286	28901	590
807343e2-5fb9-7113-ec28-87ec337a805d	1351	1350	1613	2742598
5b4d49fc-e593-cc02-a647-4dcfbd9fc0a2	1613	2742598	287	286
f2d7042a-4462-a4ce-6cfa-06067483ab5a	-	-	287	286
bcfe36a6-9ec5-1f99-b8a8-5b770d55c82b	287	286	562	561
02988fab-80dc-65ad-fb7e-3890bc32e080	562	561	287	286
885593bb-a87a-ef19-5de0-d1d95e71b5ea	1639	1637	1351	1350
8e8958e6-9085-6230-3799-46b5abccad0a	1423	1386	1639	1637
7ad65b58-d96e-2489-fce3-084bab3d2a74	287	286	1280	1279
a52dd837-ad47-b60f-13f2-3e73014afd7e	562	561	287	286
2cf3f282-146d-345b-f6ea-3639bcc03052	562	561	287	286
087f9426-fc11-bf0e-0093-28e3fc693d9d	28901	590	1423	1386
29a4a1d9-9800-659f-f80e-bc552125602e	28901	590	287	286
2d8da1af-b933-284e-a21c-c7be158e0d7b	28901	590	1423	1386
1689d219-b3e6-89c4-6b42-ef0cd4b24ee5	1639	1637	1351	1350
83c34a5d-0161-06c7-d66c-b851d536a2bb	287	286	28901	590
5c22949a-b9b9-0fed-241e-5b45f7728156	-	-	1423	1386
38fcb900-65de-8f36-3557-6f1fbcae122b	28901	590	562	561
9bdf33f5-bd48-5b1f-e4a2-45536bcfe3e5	1280	1279	1423	1386
7f88226c-1d19-c7f4-6c57-9614fded0244	1423	1386	28901	590
8131ec3a-45de-cca3-3ea6-8a592afd01a2	1280	1279	562	561
8a0e802a-aac5-9f25-5017-a5ad15d9b0dc	1351	1350	562	561
b347056b-3405-1a99-f57c-8066afd1c6c5	1351	1350	1639	1637
e1a3b92b-c0f8-849d-78d7-e92db8830b0f	1639	1637	1351	1350
b467042e-550a-2469-df21-263a7427ce1a	1423	1386	287	286
9be8ebbc-9c7e-e02d-ebbd-251b4f212d0b	-	-	1280	1279
a63b5ed9-f474-1a44-7985-dc58f24e3fb5	287	286	28901	590
b3007178-f4fd-aed2-c4eb-ab44f99a2100	28901	590	562	561
c70dee8e-3d77-efd4-9195-77ecf10646c3	1639	1637	1351	1350
4664ee81-5d0a-63b8-584b-5e50599f43af	1351	1350	562	561
5b367844-4fec-3e5f-511e-80aef2149905	1639	1637	287	286
ded68b9d-711a-4c5d-cb8c-adee7648c225	1613	2742598	1423	1386
5db6f550-2aa0-0994-66b3-af27237e7433	287	286	562	561
2e0d789d-eb31-6a1a-275d-1e6bcd37b72f	1351	1350	562	561
06a44a36-aead-bb52-4236-a28be4fa412a	562	561	1280	1279
6734bb38-9335-415d-3098-73abc6d9b1b3	287	286	1613	2742598
b41e839a-02d9-8b3a-f702-28b3f4f9482a	1280	1279	562	561
480540a7-f4cd-0e2c-0268-bb7040acb47c	1280	1279	1423	1386
d08b9372-a9df-1f02-cef7-5357f84d26d1	1639	1637	1351	1350
0b27fb1e-aac2-19c1-0755-53e03bd8c9a8	1639	1637	287	286
8d08bf65-47f9-052f-da64-3daad4d28e38	1639	1637	1613	2742598
8bf4503d-3f91-c5d1-32e4-fa90b83539af	1639	1637	287	286
622546ed-ce21-774c-ed07-f30abdf3cfda	1639	1637	1351	1350
39e36ae7-913a-331d-b4a7-db1bdd7b7420	1639	1637	562	561
140c4ac5-f127-6abd-7293-9f7492d81b32	562	561	1423	1386
d3de86fd-00db-7f31-2164-4658205c0823	562	561	1423	1386
77234e0f-52c3-3a4a-c050-aa4db027b345	-	-	287	286
859cb38d-dd5e-712d-d6ac-a38d81e6bac9	28901	590	1639	1637
0780c9da-3b9e-ed85-53bf-fb53aa9db152	287	286	562	561
af8cd99d-c8ea-e299-c36e-45029d6a0ed2	1639	1637	1351	1350
d3f7c1ae-2260-0419-b2d4-ead1d774ba84	1280	1279	28901	590
16f38b0b-8edc-bb06-12c7-51cae58dde4f	562	561	1351	1350
8c40da98-6f02-559c-ed07-10d62bee6bb0	562	561	1613	2742598
2d0b8e10-2a53-070f-27aa-007b24e50d5b	28901	590	1423	1386
c72cbad6-adc1-972c-5153-d55da572652e	1351	1350	1639	1637
3b720656-5199-823d-aac7-b9afdf3ad00a	1280	1279	1351	1350
15eb1bef-0869-85d7-0498-8bd75a5f65ef	28901	590	1613	2742598
f153330c-c04c-4f03-c29d-435b645a2708	562	561	1423	1386
b75f44f6-66cd-a640-ab46-1e3f5c88a2f1	1639	1637	1351	1350
6d555e8f-0d94-58e2-1622-4f818afd3648	562	561	28901	590
3d0cd35f-675b-a63d-506d-5aa48add182a	562	561	287	286
9d59acb6-dfa8-eb20-00ee-4f6ebbf98c3f	287	286	1423	1386
fc279140-6085-a5fb-0eb3-91577756e80d	287	286	1351	1350
87689794-cae7-881d-7782-d4138bc8d578	1639	1637	1351	1350
b71b957c-1ccb-4184-8f44-b7362a446a83	1280	1279	562	561
4056497b-d562-2c2c-9ec4-c20ad7c284a0	562	561	28901	590
37a07586-ce7a-80ec-edd3-b3b579865509	28901	590	562	561
e191563f-25e7-1c2e-2cf1-9eb99fa9b76c	1639	1637	1351	1350
15a32428-90fa-e4ac-0ed4-a2b795b75af6	287	286	28901	590
e760d11a-6673-aaed-b7d2-bce0a829bc0c	1613	2742598	287	286
fd281eca-09a4-8d46-167e-dde7d1c891fc	28901	590	1613	2742598
f2b19749-3e16-5875-629c-0de2624fafe6	1639	1637	1423	1386
2a94b0ff-f396-f224-d865-8cbeefc41229	1639	1637	28901	590
a0dc69ff-d7d8-9b3a-e811-4774c677ad09	28901	590	1639	1637
15b4fb87-8936-1a2b-4a5d-e85e51be6406	287	286	1613	2742598
42666314-eb01-1146-14dc-fd1eee44c074	1639	1637	1351	1350
b4410a4a-7f3e-f669-629b-3f7a8521fae3	287	286	28901	590
7c18d93b-6163-6529-5cae-95bda0ff9542	1423	1386	28901	590
3ff6af37-8e85-3564-9779-fbdcb0863e16	1423	1386	287	286
615c41a3-df5a-4001-7a40-faeb29140694	1280	1279	562	561
3fbacf9d-5c55-26a3-65a6-8ce3f4d1885c	28901	590	562	561
eaae0724-5066-154e-a60d-f45ee794eec9	1351	1350	1280	1279
a23d4690-995a-da6a-4cd3-a90222051f0c	1613	2742598	287	286
937cb83d-9c3e-b1c3-dc70-d11ed78f1215	1423	1386	1639	1637
b3848534-729d-53ed-4d15-9bb912fcee82	28901	590	287	286
70f4e217-66ca-a3d2-197a-cc701044c2e8	287	286	562	561
6c358eb7-2ed8-0219-d8bf-efd6350b9b2e	1280	1279	287	286
68b17f0d-a3a4-ae29-fc90-3f8e86af1aa4	28901	590	1280	1279
689ff6b8-bfed-81f6-a30a-d77f26549a6c	562	561	1280	1279
45b1c62e-026f-9022-5cae-63f9d1403fb4	1351	1350	1639	1637
b7eba738-f584-9fd4-cbed-36d30ead6fb5	28901	590	1351	1350
874446a8-7a2b-06ef-2fb4-aea1b1fa060c	1423	1386	562	561
82412e1b-d50b-7bd5-015e-ece6aa8f5fd3	1639	1637	562	561
428daad5-8521-c471-9b5f-027665bc4c35	287	286	562	561
617da54a-3767-e45e-85f9-15de64cc7519	1351	1350	1639	1637
0cb46f50-910d-ad98-a8e4-a27be7cf4831	562	561	1423	1386
9b87b186-afca-313a-0d63-922f0b805557	287	286	1423	1386
4a486ad6-bb9f-1d41-e982-6d8c6bb0f5c9	1613	2742598	1423	1386
c5061cfd-507b-ab4e-79a4-b353dd01a7c9	28901	590	562	561
c9191bc5-733b-14f0-bae9-b51ca293af44	1639	1637	287	286
7a325259-5836-a40a-1645-418931b417c2	1639	1637	1351	1350
6be2dc93-ecfd-6a80-714f-53f8f8912e01	287	286	1351	1350
c43fc113-fda1-6ef5-47ac-7996dd497405	1639	1637	28901	590
94071cb4-9e85-5e1a-c0b4-40578c3df443	28901	590	1351	1350
2c88b855-b8c3-2372-5e67-c67b45e5bbe1	1639	1637	1351	1350
04501530-ef13-01d8-81c9-8b27f4ce3607	287	286	1280	1279
f7ebcbea-949b-0f56-d65c-a97c62f10e2b	1423	1386	1639	1637
1e77a56a-4629-8ea4-db95-4b43854568ba	28901	590	1351	1350
e269ce93-b00f-a2dc-27b5-a28c87ccaa6c	562	561	1613	2742598
95c59a18-9838-7bd0-3bdd-3d2e6e888edd	1351	1350	1639	1637
fe8b29b4-e446-9464-eee4-55689351d22a	1423	1386	1351	1350
c2523b29-1b50-c306-12e9-3b8b86d3649d	1280	1279	1423	1386
f4296a28-45b9-9ee5-9811-5abc5f053af3	1639	1637	287	286
def36f8e-829d-7041-1d64-d705d2bd9d0e	1351	1350	1639	1637
8ea84681-4650-ac45-ae83-85dc6c6a0d5f	1639	1637	1280	1279
eda57dc9-0086-3930-8fa1-b99c3dba705b	1280	1279	1423	1386
8f626c32-1f63-2ae6-a0da-1e52b9f6aa3f	1613	2742598	562	561
904296ea-20fd-0567-c0f3-4dde246e9ef8	28901	590	1423	1386
6cf3b51d-e5f5-09f9-a36a-f4b7afebc710	1280	1279	1351	1350
bf8973a0-8609-d0f2-9f10-32941a0b74d4	1639	1637	562	561
405c3c05-7531-a00f-cf0e-7f29597d670d	1613	2742598	28901	590
99bcb962-7c29-8454-f211-be4e2668225c	1423	1386	1639	1637
c7e6c806-c2b6-1cc8-bf0c-b8154015cb21	1280	1279	28901	590
e3bc8623-52b9-06ae-af49-84153069d523	287	286	1351	1350
f61d4f14-147e-86ad-ad7d-2ba39ebbb2a7	1280	1279	562	561
cb86df63-16fc-7cb0-e840-b0d913286d2e	28901	590	1351	1350
17f2e44f-1f70-1e5f-b043-d2b243265cf5	1639	1637	1351	1350
373a0d1d-876e-83b0-1b1b-624f380f930c	287	286	1423	1386
7c704491-8711-3038-ffca-093a6655d105	1280	1279	28901	590
e57160a9-71f8-8f14-5891-8dbe47fd5a15	1280	1279	287	286
42676eee-3ac1-7278-b4f0-8d6e5ed99fb6	1639	1637	562	561
243d830f-c529-164e-22bb-a731d5f329fd	562	561	287	286
5a56cb80-8945-639a-1b66-2a3577c93211	562	561	1639	1637
7699b87e-f8d9-6ff5-28a3-3623895ef6d6	1351	1350	287	286
a7663e5f-8657-7246-d3db-69680bc29d85	1639	1637	1351	1350
4198cd64-0fe5-ad77-4e75-eeaf28fd30ec	1423	1386	562	561
cabec18e-af0b-8dd8-0340-01e7965c9939	1351	1350	28901	590
69de7b5c-dc7a-7869-50d6-6fbbf808e3e0	28901	590	1280	1279
d9c907b9-3f2e-559f-e7a0-fbac1b0ea2d7	28901	590	1280	1279
d682c3ad-c877-e491-989f-99d74a392e3c	1639	1637	287	286
51537d5d-202e-4d6f-b17d-d46fcc746a8c	1280	1279	562	561
88d5454f-1c62-3002-3622-016ad7ac2ea2	1423	1386	562	561
3dd2e37a-0ab1-3db0-0543-ce537323572d	1613	2742598	28901	590
13ad2b93-a2c8-a024-d771-aa59a742e3ac	562	561	1613	2742598
1dc7dda5-006a-6c8f-ec35-1303bf7dbd6f	-	-	28901	590
6f794715-36e6-99ce-3620-e7ab16f8621a	1639	1637	1351	1350
c153fa0c-6ba6-812a-3178-614b9aaf3fb4	1423	1386	1639	1637
81adeea7-c5be-4fcc-cb93-252785a4ea23	1639	1637	1613	2742598
3027b6b7-ed86-bde5-7e46-dbeac88ff5b9	28901	590	1351	1350
4d853916-eaa3-0d5d-879c-39616ca98cde	1639	1637	1351	1350
a8c2f585-ec6c-fb9e-2f3c-2590e8a94816	1423	1386	28901	590
33997ae2-3fc8-a61b-c238-673afc86d227	28901	590	1351	1350
7e7b4c50-9127-80ac-7746-ef3eb211f141	1613	2742598	28901	590
98463f83-eb1f-c20f-8452-0dbac6a12058	287	286	1351	1350
00588ed2-a1fd-7dcd-02c0-76b976f400b7	-	-	1639	1637
fe3e116e-700e-d047-6f9f-51a4f1f76d48	1639	1637	28901	590
a86eb8d1-e8b0-1aa5-ea7e-292970e45ea7	-	-	28901	590
890d3af8-5ff6-4639-0e68-c614aa1bbf27	28901	590	1280	1279
12f0a2cf-dd52-3b4c-5c27-d5dc29fe4e4a	28901	590	1280	1279
0ba3fc7c-7586-6383-83c8-f14d0ca31c5f	1280	1279	1423	1386
36768baf-71f4-2230-7e13-142b7a8070c9	287	286	28901	590
0330a099-df12-3c12-08bd-5e5bc661c4c0	287	286	28901	590
465335e1-271a-8885-9950-b021d02ac389	28901	590	1351	1350
1482a4e3-a18f-c83d-8368-66b4d953524d	1351	1350	287	286
5f9ca6f6-3e1c-2fd2-9216-b4cfbbc60cda	28901	590	287	286
895702f4-0602-2e2f-8c57-ebb99c018583	562	561	287	286
0c9ae6b2-c829-12c2-136f-fd9172458f7e	287	286	1351	1350
90771539-5712-0940-a22b-9206d13b3ab2	287	286	1613	2742598
37e243be-2b4f-ba2e-47d0-c2e721431cd3	1351	1350	562	561
fd32808f-8ffd-5a13-1af8-5dfd6efd0481	28901	590	287	286
