Number of false positive reads: 391.

id	correct_species_taxid	correct_genus_taxid	sam_species_taxid	sam_genus_taxid
a96257a5-5eed-8c15-ea3e-55b69ff60533	1423	1386	1639	1637
70012f27-bd58-36b8-1860-f0781c51aea4	1423	1386	287	286
7ac1a1e8-50e9-6c6c-2ea7-f4949fa5a319	28901	590	1351	1350
f6108312-372f-3a17-6c36-00955e148402	1613	2742598	28901	590
00192bd2-241d-fb66-661e-860e89626023	562	561	28901	590
cc9139fa-e9b3-721b-cb64-a4f093668d0f	1280	1279	287	286
3429fec5-b978-5417-eccf-cf8af61205c6	1351	1350	1639	1637
efa56d3f-c38c-f6ff-04be-675df1c33a87	287	286	28901	590
47812012-2ec7-7467-e73a-a4f312642c6c	562	561	287	286
0b11ff9b-b6d5-3551-3c0f-4e25889873d4	1280	1279	28901	590
a96e20a1-2fe6-deee-a359-e6ab78f46316	1351	1350	562	561
0bd33862-24ca-f34e-a575-936df81998f6	1613	2742598	1280	1279
1c109f4c-278e-c963-8c77-f5c3247e9208	-	-	562	561
0e77707d-b1e4-3996-0187-2c9cf2527be3	1280	1279	287	286
8f01d38f-9a2a-bb9a-9c66-ea6592a88d8a	287	286	28901	590
82136855-18ce-b9a6-489b-18a556ed85e3	1639	1637	1423	1386
10f58a96-331f-05a0-80ff-7b8dcc960482	1639	1637	1351	1350
36d80f85-c612-9014-38d8-0869e8a9b4c5	1280	1279	1639	1637
ed29fdc3-f89d-c0d0-a2e3-718ae73d9850	287	286	28901	590
4170214d-e633-548a-a364-d24dd1856235	287	286	1423	1386
6c4e5e4a-d97b-470a-edd8-e1a782a0d7ad	1280	1279	1423	1386
5c2e6d37-7d04-6776-1f9b-b00376562f25	1613	2742598	562	561
6a5c937d-a7a4-850d-064a-4582e3805931	1639	1637	287	286
7897c921-a6bb-daea-8c52-47afabc2fa4b	1351	1350	1639	1637
f21d8dcb-665d-d51a-dbe8-199d2fa68b8a	28901	590	1639	1637
12f90d0e-4360-86e6-06c4-5401ea37c2d6	1613	2742598	1423	1386
c72d601e-3fd0-cdb6-3078-eac0bf232b30	1280	1279	1423	1386
ea606a6f-8632-a7ae-8f71-322b05a1b34f	1351	1350	28901	590
e09b46b7-92e4-1cb6-5cbd-205d9dc3f3ae	287	286	562	561
afe402da-1c42-5eea-c8d6-3b7c80310653	287	286	1423	1386
b447b4ea-ae02-58fe-5ce1-898a1f183804	287	286	1280	1279
de747aa4-8b10-4e57-12db-9dc2a3915f1a	287	286	1613	2742598
d6fbbecd-4cc3-cbe3-c398-8964c2ae1ba6	-	-	1423	1386
7f6c2ff0-9e06-d3b5-e7ce-97a5500c3f5e	287	286	28901	590
b462788d-d765-f243-9c65-540dba5fc714	1613	2742598	1423	1386
711674b9-0bb8-0563-cccd-9ec6c57443f1	287	286	562	561
60a54b95-5f06-e8ce-4a64-c0a2ec86a95d	1639	1637	1351	1350
36c31531-0f42-c3d3-ac66-fb9169a3e3d8	1639	1637	1613	2742598
f1356ba3-e057-e22c-9d0f-57e9e131b9e2	287	286	1351	1350
c754bc88-fbc7-924e-42b9-d2ff671c184b	1351	1350	287	286
5448a31b-3a6d-d6bb-4c27-fba6a6b0080e	28901	590	287	286
b5ee6416-8101-f04e-d611-6b603c1d621a	287	286	1423	1386
20ad7c79-d8ef-a399-996b-781e6d61ad5e	287	286	1423	1386
1fdd7fb7-fe98-8bdd-4a61-293a0f5c3418	1423	1386	287	286
57eb25bb-2ac3-1bcc-1cc7-a8a2e07e6d99	1280	1279	287	286
8ee7b8aa-2e12-6ac9-8606-71ce9db8e925	1423	1386	1639	1637
0eb7b9d2-7f87-6e32-3646-d03625d8a207	287	286	562	561
b1b53533-6b60-d137-4bb9-488d88ffcf14	28901	590	1280	1279
aa6b7e81-dbd2-510d-68a1-2426d837a3f5	-	-	1351	1350
5d0f76ac-47e6-fca8-6213-3566e7ad813a	1613	2742598	287	286
555689d6-72cf-6efd-434a-95796a317e23	-	-	1423	1386
e742a5c1-d341-0e08-3ac5-fc684ce2fabe	28901	590	1351	1350
e7f5b4e3-81c4-32a1-2dac-1d01db1062b8	1423	1386	28901	590
497e3453-a3fe-10a1-4389-a2380e1e597c	28901	590	287	286
a94f9e01-c673-c2da-4023-1fa3be59a64b	1423	1386	1280	1279
deb2133c-dda4-362f-8788-cffdf31e5dc2	1423	1386	287	286
b97fedf8-8988-80e0-8dd4-cc6759e51979	28901	590	1639	1637
300be2c7-25f3-7c81-4b1e-c0332a50cf01	1280	1279	562	561
7b043e59-be23-1c84-a243-5cb6df3c3346	-	-	287	286
b5385a98-cc9b-d2c9-f0cd-5e842586f9ce	287	286	1280	1279
025dd46d-121d-e9df-688d-02e3b57ae5ad	1639	1637	1423	1386
3b8f86d1-87a9-98b9-3353-6401c1116729	562	561	287	286
4b57bc07-d238-a575-26b5-91cfb5eff374	1639	1637	1280	1279
57b5be0f-7f16-7a33-678b-d5b572f0a4ba	287	286	1423	1386
a21a0ffd-f228-76ba-39ad-6eaf5f7b1f0a	1280	1279	1423	1386
f943e173-2c20-9472-dacc-146905ce732b	28901	590	1423	1386
8770129f-86f2-e948-ad31-4fbd1afbabcf	1613	2742598	1351	1350
bf619896-5d15-e697-f256-0cd60532a012	1351	1350	28901	590
a508fc3f-21c5-d0dd-9a08-b2045c0bb786	1351	1350	1639	1637
cbed1044-274e-8f2d-6df3-f9b30118d565	287	286	1351	1350
be7514d2-4c3c-29ac-3a7b-d9583db22de1	287	286	28901	590
7165e0ed-c2f3-b000-4489-7671950e926b	287	286	1423	1386
7c4fe1fa-4065-52d0-4366-bec60dc04b5e	1423	1386	28901	590
596a5f47-56af-6214-980b-1b323992b116	287	286	1639	1637
da46723b-7d03-74d3-8ea4-c1e2d0ef1e9c	1613	2742598	1280	1279
0e3a7fb4-01cc-b5f2-08b1-644325729794	-	-	1423	1386
a1305a6f-2ca7-0492-fb05-e401f725baef	1423	1386	562	561
415fa2d3-0135-bbe1-4b4c-225685a5c590	562	561	1639	1637
5c496be3-ad82-f5fd-a73e-067b23fbc31f	562	561	28901	590
66e5c6d5-9bf0-4cda-e635-44f70225cb99	287	286	562	561
0780b62c-451d-582f-d2ee-a9779055a67e	1280	1279	1351	1350
3ac8c950-3801-6a58-fad0-031bdf2a206b	1613	2742598	562	561
298f3c9f-466a-0ad4-cbd9-3e99a74a995f	1280	1279	1423	1386
4a28b11c-e521-f2de-4b93-c252ce7684ac	287	286	1423	1386
9c10e105-0cf7-34b5-0c11-bb8c09b63fef	1639	1637	287	286
2b07ade9-4a74-63d4-bee4-9d29af33b5fc	1351	1350	287	286
4c985427-a4fb-3535-9ad2-f509dff092da	28901	590	562	561
a5b11d13-5e3f-2aaa-c10e-278885dd9ed2	287	286	562	561
b336ee6f-fec1-d1fd-bafd-b0a3392fa091	287	286	1423	1386
740b6d9e-e64a-0432-200d-8bf9db8454af	1280	1279	28901	590
067d2947-7012-0128-db85-8aaefa54c9b9	287	286	1351	1350
ebb642f0-5a84-8997-1849-0f74f77b7d6b	1423	1386	287	286
5a65ae09-495e-c889-8039-24545c846436	1351	1350	1639	1637
3c4a9582-2450-fab0-4757-c7c02093f8ab	28901	590	1280	1279
2d9dd6b9-e9ab-5114-5040-21a4a5ab7c45	1351	1350	562	561
4f49280b-7826-66a6-9f83-0435bf8496f6	1639	1637	562	561
ad7c2f5a-961a-bc57-f429-923d94ad8f4e	1639	1637	1280	1279
7dc7e5a2-e257-27f6-91e5-6906eb05c459	1639	1637	287	286
78843d81-296d-3a75-5309-43565d82502d	1280	1279	1639	1637
e190cb79-abfc-6303-e7a3-c485754faf75	1639	1637	1351	1350
8f4188ba-f29b-4801-f6e1-d780fc14846f	1280	1279	1639	1637
741cde61-b931-2fff-1f13-221e2b6f0bd5	1613	2742598	1351	1350
f67f99e7-4b6b-d2f5-78a9-14cdd96fbd35	1423	1386	28901	590
8e153cf6-5837-293e-5718-9a4b2d69dc9d	1639	1637	287	286
bc1fac86-ec8d-e9e2-0f8f-7422885d48fd	-	-	562	561
d0d8fbb1-dc81-fd58-5738-bb31a9f61f8f	1639	1637	1351	1350
4376fa13-7f38-dcd3-05d3-01dcd8f123f5	287	286	1639	1637
575b1a88-cb24-001a-ae1a-65bc9a4dd915	1639	1637	28901	590
9295ab96-336b-f47f-3521-20f08ba41ac1	1351	1350	28901	590
f776f88c-002d-9b91-4427-1d3fe8e5aefa	562	561	28901	590
4546f655-fd7c-0b33-4bae-396c72556381	287	286	1351	1350
a2e0f6ca-ac9c-db37-bcdc-98f58e5a6a99	1613	2742598	287	286
08066ae2-0a79-434d-6175-f122ac18a5db	1351	1350	1639	1637
11477f49-95d6-f866-4c8b-c96d78400170	562	561	28901	590
9209533b-2bf1-98f6-be6f-a0cf6d97e30f	1423	1386	287	286
78a986c3-15ed-133d-841f-22199a5897c8	287	286	28901	590
f5471945-dd19-c466-c286-d69bf3075989	28901	590	1639	1637
3e4cc95c-1dba-c05f-d0ef-fc64e3ccfe36	1613	2742598	562	561
d504eb0b-e060-c39e-20b0-6c6c7f2e2ca4	1351	1350	562	561
115fe802-c31b-f6a1-731b-62f37af9e167	1613	2742598	562	561
9b8efe12-3420-2738-5e08-b44c2d86899a	562	561	1280	1279
5d7eecb8-95d7-1f52-1b5e-246c4f66ee26	-	-	287	286
9f0290bd-d441-ee2c-a1dd-ab2546042a7f	1351	1350	562	561
ec59caf5-1766-1144-8de2-2a4f13845cca	-	-	28901	590
814baa55-b911-b55d-8d14-81249de30de5	1613	2742598	1423	1386
1b11040c-7a83-0b75-0a7a-39546f6bf8ac	1639	1637	1613	2742598
19266e0f-3bbc-3dc0-fb3e-995631a388d1	1280	1279	287	286
5a278cf7-e7c4-07de-85e4-9ec1c585871f	1280	1279	562	561
cc56be0d-c749-67dc-e30b-5792fbe350e0	-	-	1423	1386
7ac082f9-02fe-6634-c2d4-32e48ba0cecb	1280	1279	562	561
dac06f2c-04f5-f0e0-32a2-b4bb7963d2ef	287	286	1613	2742598
e6149e55-e1b5-2846-3752-66ee851917ea	1639	1637	1351	1350
22618d65-0f56-d03d-56ea-ad662d9c2697	1351	1350	1639	1637
ca0e5daf-ad1a-e3b8-f54e-ff18322378f4	562	561	28901	590
d3e985e1-14f7-0b75-584e-4689c74bfb19	28901	590	562	561
9c3b660d-1f56-98df-fdbb-357acc9a7570	1351	1350	1423	1386
042d167f-204e-5d6d-ef85-e9053fe8640e	1639	1637	287	286
4fc12687-635b-03f4-3cf1-3610e73c0e7d	1423	1386	562	561
db5a95b3-4b17-49b3-148f-7b0cbbfd3fbe	562	561	1639	1637
beb04181-5930-4cb4-993c-77cf125b3fc2	562	561	287	286
79561079-ee51-86ae-c5b3-8f09bdcf73c8	28901	590	562	561
c64efdc0-9bfb-ef1a-cf52-3a3306c60109	1280	1279	1639	1637
b232afca-42b2-9664-610b-152973e07f2a	1639	1637	287	286
14e55a2a-1d4a-bdf1-f46d-74fe43dc823d	1423	1386	287	286
8433de1c-799e-01da-4218-3ba19707caad	28901	590	1423	1386
e97161f0-bace-a72f-c0be-98be06e27a4a	1351	1350	1639	1637
3a165b34-3e9c-635d-f309-aef23166e397	562	561	1639	1637
eb545307-83ec-2c2f-2ca6-3087a0d4bbe5	28901	590	1280	1279
e5c1791e-8231-e83a-fd45-b4ed5ae3cc83	1351	1350	1639	1637
47951a1c-aaf4-4f7e-0741-0df094d542bf	287	286	562	561
7cee9274-2ef5-b419-641b-af5d594100f6	1351	1350	1423	1386
dceff1c6-57eb-2871-854f-de403c041bba	562	561	287	286
e8a79d8e-7ae2-dd8b-d2b4-7c364974a93a	562	561	1280	1279
cfb84230-10ee-e465-4416-ce1933b4f98b	562	561	1639	1637
a2ff8bdc-6e46-2f03-def9-2994ddf94adb	28901	590	1351	1350
4f2077df-e003-974e-3da3-2eb5227f455b	-	-	562	561
d2f41ded-76f4-bcd5-1d1e-64144ceabd37	1351	1350	1639	1637
e4f6ab36-b246-a866-4b57-987efc9f12b9	287	286	1423	1386
0bf1edde-5ff1-0ecd-9369-881de3a3cd24	1280	1279	28901	590
5f066e99-8f13-e732-47cd-14b4dcee491e	1351	1350	1639	1637
ed9e8561-7ae2-ee36-17b8-403c4a5b5e9f	1639	1637	562	561
8abd3380-1724-39b7-edd2-413d137e1096	287	286	1280	1279
79f0b751-3d9b-12d1-8641-ac342e23217c	1613	2742598	1423	1386
0f350742-69dc-f5b6-ebe3-d60d2b7d4261	562	561	1351	1350
1035daf1-29cd-fd31-08f3-1dcde21c77ad	28901	590	1351	1350
ded4883f-e144-43d9-5336-f28415b2deb0	287	286	1280	1279
d683decc-63d0-141d-1e2d-31ea09bab584	1639	1637	1351	1350
0d91abb9-076f-b3c0-de73-137f0dac4d8e	562	561	1423	1386
8764ecac-1b99-fa51-2b5e-a6806c024cdd	562	561	1280	1279
73d7ee58-c7d0-5619-7fa8-93f5ac42d657	1351	1350	28901	590
880ad726-bdfb-523f-debd-071cb5f03e71	28901	590	562	561
93887036-44c3-fc01-4a79-bc1ee8205494	1423	1386	1351	1350
0771d862-75df-2150-53fc-34f642654279	287	286	1613	2742598
639471de-b24b-b956-ba92-b2d5b4fc9eb5	1423	1386	28901	590
60cca35d-4512-7740-1787-f9e6ec271eca	1639	1637	287	286
097ae183-3a39-d04b-45b0-fb2bf4cc4d71	1351	1350	562	561
903d3f53-06ca-8517-1b59-99ad58bb326d	287	286	1423	1386
46f4cc80-dbfb-f0e0-10fc-d6073ce38ee3	1639	1637	287	286
70acb740-e35c-620a-d22e-f48981e9aaf1	1280	1279	1613	2742598
4b09aaab-fb83-848f-4d49-11ea3ad463ff	287	286	562	561
0fba8782-e350-444a-977c-5d3ad166fb3f	28901	590	1423	1386
245e2585-b778-442b-aeff-1445f2019fba	1280	1279	1639	1637
14e011dc-5322-69ce-36a2-dd53a08b31fd	1351	1350	1639	1637
a15727ab-51b2-2b70-c448-f35a94ce1d6d	287	286	562	561
ecf76add-28d0-0d2b-988e-d6933a8e8866	287	286	1423	1386
3ba9bafb-7cb6-0106-22f8-6b39327eaa16	1639	1637	1351	1350
7b32b7fe-10bd-69d3-953e-0a4e49e9844e	1280	1279	1639	1637
a0353408-1f62-e80d-63af-1a97d39ea471	1423	1386	562	561
42bdf81f-a562-7025-3a0d-9de372a47bee	28901	590	562	561
304e55f9-07d1-edfd-4a5b-91c58979b8cb	562	561	1280	1279
8b38b45c-8ec3-6fd4-e7d3-556880db543d	287	286	1639	1637
467a024b-57a0-a793-e534-2e27aeb0f584	562	561	1613	2742598
f81e7bc6-271d-089c-fff9-cc17ea906082	1639	1637	562	561
c50a31f9-5121-2579-9d17-a9283e6820fb	28901	590	1423	1386
13bc48b9-deb6-c637-4c81-98507c3dee5d	562	561	28901	590
c2423049-5b0f-b52e-3ec2-253c6b717088	1280	1279	28901	590
4d976357-1195-e09e-3784-7a4d8c91e77d	-	-	1423	1386
ef404edf-96c8-155e-d3b1-8ee68ffe468f	287	286	1639	1637
422cca42-4c4d-379e-861d-f66e2f27fbc9	1423	1386	1613	2742598
02903c53-410e-6acd-c192-5060102eb8a0	1639	1637	1351	1350
415fad0e-0717-d38f-9007-c4b149421c54	1423	1386	1613	2742598
9d5ffdb1-f19b-9941-e836-a164c7dd7e5f	562	561	28901	590
17cb9f28-80c5-5ec7-6b0e-8803ec7aad2c	562	561	287	286
e151501b-250a-a34d-9626-2f392f9f141f	1613	2742598	287	286
7d77a355-69e9-a9f3-946d-01ec82ccffb1	562	561	28901	590
fa830564-9957-87b4-b351-cfb19d51d96e	28901	590	1639	1637
7f7eb6d0-66b0-ce6c-8d12-47b429648121	287	286	28901	590
9c3ec993-5c3d-6177-c15d-6d8acd740a9a	1280	1279	1639	1637
a81f8154-517e-4f65-08ae-1f954b2cfd30	1639	1637	287	286
b037e224-7aee-7bc1-4d6c-632f7f5c55d5	1351	1350	562	561
aa1f0c50-eca0-df39-edd0-9c65764b3520	1639	1637	1351	1350
cdc281c9-5769-99dd-072d-23e87e21ef08	1351	1350	1423	1386
f4d97046-05df-f1b9-85d0-769fd9d825e2	28901	590	1423	1386
8bac2ccb-d662-29ff-4a70-a7c9a6491771	1639	1637	1351	1350
6df9a2db-845d-8b2e-dba5-0cc3b524685e	1280	1279	1351	1350
cba75fed-29d2-c016-06ef-73727f3ed267	28901	590	287	286
e8463a4c-0d41-28b8-2fb5-248581bd7a6f	28901	590	1351	1350
51f371a4-b6f9-df09-e63b-ce7784d48915	1613	2742598	28901	590
05d5aa86-4a81-8c56-e588-1d0a0a1d201c	-	-	28901	590
8ee4af82-c170-d1d7-b946-4f4f09304dc4	562	561	1351	1350
caf34922-37ba-6b16-3576-d2359346bbf4	1423	1386	287	286
f0ac7ecd-ab2d-7f52-1d3d-37dfbbb945de	28901	590	287	286
61f939e3-974e-5bb6-5ef5-ecb17acc0e65	1280	1279	287	286
01816cdf-172f-92d1-5883-4ff9d5629680	28901	590	287	286
5b4d49fc-e593-cc02-a647-4dcfbd9fc0a2	1613	2742598	287	286
f2d7042a-4462-a4ce-6cfa-06067483ab5a	-	-	287	286
bcfe36a6-9ec5-1f99-b8a8-5b770d55c82b	287	286	562	561
02988fab-80dc-65ad-fb7e-3890bc32e080	562	561	287	286
8e8958e6-9085-6230-3799-46b5abccad0a	1423	1386	1639	1637
7ad65b58-d96e-2489-fce3-084bab3d2a74	287	286	1280	1279
716ca84a-2dda-1c7e-77c2-efe7d89033ea	562	561	1351	1350
4d137e15-fcdf-6b02-d93e-e24d566c2b46	562	561	287	286
087f9426-fc11-bf0e-0093-28e3fc693d9d	28901	590	1423	1386
1689d219-b3e6-89c4-6b42-ef0cd4b24ee5	1639	1637	1351	1350
83c34a5d-0161-06c7-d66c-b851d536a2bb	287	286	28901	590
5c22949a-b9b9-0fed-241e-5b45f7728156	-	-	1423	1386
33abf5bf-0ce3-84eb-302d-5d3439a6929d	287	286	1351	1350
d5bad4a4-79cf-0e97-4eb4-53d031161930	1351	1350	28901	590
38fcb900-65de-8f36-3557-6f1fbcae122b	28901	590	562	561
d8fcc29b-561f-7cce-1948-328c906f107f	1639	1637	1351	1350
6344ebc9-f55d-48d7-4b2e-255809a3e6c0	287	286	1351	1350
8131ec3a-45de-cca3-3ea6-8a592afd01a2	1280	1279	562	561
8a0e802a-aac5-9f25-5017-a5ad15d9b0dc	1351	1350	562	561
b347056b-3405-1a99-f57c-8066afd1c6c5	1351	1350	1639	1637
b467042e-550a-2469-df21-263a7427ce1a	1423	1386	287	286
9be8ebbc-9c7e-e02d-ebbd-251b4f212d0b	-	-	1280	1279
73f01ca4-9700-65b7-cdda-f7c16b3669eb	1351	1350	562	561
b3007178-f4fd-aed2-c4eb-ab44f99a2100	28901	590	562	561
7bb14736-a676-7d8d-8677-cacd6f1e6971	1613	2742598	1639	1637
c70dee8e-3d77-efd4-9195-77ecf10646c3	1639	1637	1351	1350
4664ee81-5d0a-63b8-584b-5e50599f43af	1351	1350	562	561
21f756ea-40ec-84d3-66fe-9e17450e8edb	1423	1386	1351	1350
ded68b9d-711a-4c5d-cb8c-adee7648c225	1613	2742598	1423	1386
06a44a36-aead-bb52-4236-a28be4fa412a	562	561	1280	1279
fff8b0b4-fea3-33ff-ef05-ac9386c35341	562	561	287	286
71a4a45f-5ed7-35d5-c49f-2f40e2e3385f	1423	1386	1351	1350
a5c38c4b-5019-1485-da50-acacec6dc249	287	286	28901	590
622546ed-ce21-774c-ed07-f30abdf3cfda	1639	1637	1351	1350
39e36ae7-913a-331d-b4a7-db1bdd7b7420	1639	1637	562	561
4916ddda-60a3-c337-ea3b-1d09afa96ed0	562	561	287	286
93f756a9-0ed9-10df-3c29-fb6aadb1e523	28901	590	287	286
140c4ac5-f127-6abd-7293-9f7492d81b32	562	561	1423	1386
902cad6d-49ba-a924-a4b2-921138d30244	1423	1386	1351	1350
59b287e6-c928-0505-01d9-633af07e7131	1639	1637	1423	1386
d3de86fd-00db-7f31-2164-4658205c0823	562	561	1423	1386
77234e0f-52c3-3a4a-c050-aa4db027b345	-	-	287	286
859cb38d-dd5e-712d-d6ac-a38d81e6bac9	28901	590	1639	1637
0780c9da-3b9e-ed85-53bf-fb53aa9db152	287	286	562	561
af8cd99d-c8ea-e299-c36e-45029d6a0ed2	1639	1637	1351	1350
d3f7c1ae-2260-0419-b2d4-ead1d774ba84	1280	1279	28901	590
49c07bb0-2ed4-e90a-e354-edcfefd198e8	1351	1350	287	286
16f38b0b-8edc-bb06-12c7-51cae58dde4f	562	561	1351	1350
8c40da98-6f02-559c-ed07-10d62bee6bb0	562	561	1613	2742598
7fa59f39-39c6-cdbf-281b-010468f9d954	1423	1386	1280	1279
f513cec1-d540-e117-7393-3a6e31cc786d	562	561	1351	1350
c72cbad6-adc1-972c-5153-d55da572652e	1351	1350	1639	1637
3b720656-5199-823d-aac7-b9afdf3ad00a	1280	1279	1351	1350
7efadb4e-e5dd-98ad-a0d6-fbb583d827ad	287	286	562	561
741ba485-688b-dbbd-5603-08c7699b6d98	1280	1279	1351	1350
15eb1bef-0869-85d7-0498-8bd75a5f65ef	28901	590	1613	2742598
f153330c-c04c-4f03-c29d-435b645a2708	562	561	1423	1386
8d0ffa1a-fac3-ea8e-0fe0-d403f2eb1a8a	1639	1637	287	286
6d555e8f-0d94-58e2-1622-4f818afd3648	562	561	28901	590
a786c1df-2ac0-b533-0810-144592d58c40	28901	590	1423	1386
3d0cd35f-675b-a63d-506d-5aa48add182a	562	561	287	286
87689794-cae7-881d-7782-d4138bc8d578	1639	1637	1351	1350
97dad66c-34e2-2436-259e-ac78b2ada2c9	1639	1637	562	561
2e6a5f14-161a-3537-e84d-855d39de7d8e	287	286	28901	590
b71b957c-1ccb-4184-8f44-b7362a446a83	1280	1279	562	561
38910780-a253-3a27-a1ce-ebf9abcb41f8	287	286	1280	1279
1176c330-1532-b361-c5d2-1ebc5137b7b1	1351	1350	287	286
add2eacf-7858-1286-fd7a-f51ccc684ecf	1280	1279	1613	2742598
4056497b-d562-2c2c-9ec4-c20ad7c284a0	562	561	28901	590
37a07586-ce7a-80ec-edd3-b3b579865509	28901	590	562	561
e191563f-25e7-1c2e-2cf1-9eb99fa9b76c	1639	1637	1351	1350
15a32428-90fa-e4ac-0ed4-a2b795b75af6	287	286	28901	590
e760d11a-6673-aaed-b7d2-bce0a829bc0c	1613	2742598	287	286
482e722b-e070-e99b-a557-519c66501f98	1423	1386	1613	2742598
eb5a58b2-38c6-7d9a-98a0-0f005a95f8cd	1351	1350	287	286
f2b19749-3e16-5875-629c-0de2624fafe6	1639	1637	1423	1386
50bbfaab-7be9-63cd-ad4e-89dcc801a36e	562	561	28901	590
a0dc69ff-d7d8-9b3a-e811-4774c677ad09	28901	590	1639	1637
15b4fb87-8936-1a2b-4a5d-e85e51be6406	287	286	1613	2742598
7383f6ab-9be3-fbaa-be7c-f4eb8b822203	1280	1279	1423	1386
42666314-eb01-1146-14dc-fd1eee44c074	1639	1637	1351	1350
b4410a4a-7f3e-f669-629b-3f7a8521fae3	287	286	28901	590
3ff6af37-8e85-3564-9779-fbdcb0863e16	1423	1386	287	286
3fbacf9d-5c55-26a3-65a6-8ce3f4d1885c	28901	590	562	561
937cb83d-9c3e-b1c3-dc70-d11ed78f1215	1423	1386	1639	1637
031fec1e-c557-2622-1561-86e694971bc6	1351	1350	1423	1386
6c358eb7-2ed8-0219-d8bf-efd6350b9b2e	1280	1279	287	286
68b17f0d-a3a4-ae29-fc90-3f8e86af1aa4	28901	590	1280	1279
689ff6b8-bfed-81f6-a30a-d77f26549a6c	562	561	1280	1279
486a9d2f-a959-0474-4962-3bdf51215353	287	286	1613	2742598
b7eba738-f584-9fd4-cbed-36d30ead6fb5	28901	590	1351	1350
4d3872de-d02c-c547-cf6b-d06a30210b86	287	286	1613	2742598
0cd749b9-9f95-7987-9038-b99e162be44d	562	561	1639	1637
617da54a-3767-e45e-85f9-15de64cc7519	1351	1350	1639	1637
7973409f-e020-610b-9f65-55fc6eba5302	1613	2742598	1280	1279
94f7fdb0-6efb-eb63-b645-4b311dbf12f8	562	561	287	286
9b87b186-afca-313a-0d63-922f0b805557	287	286	1423	1386
e82e2212-5cd1-8fbb-7a26-56c874430f39	1639	1637	1423	1386
4a486ad6-bb9f-1d41-e982-6d8c6bb0f5c9	1613	2742598	1423	1386
c5061cfd-507b-ab4e-79a4-b353dd01a7c9	28901	590	562	561
c9191bc5-733b-14f0-bae9-b51ca293af44	1639	1637	287	286
1f78fd70-1ff5-79a6-2ac5-069fa9505526	28901	590	1280	1279
6be2dc93-ecfd-6a80-714f-53f8f8912e01	287	286	1351	1350
c43fc113-fda1-6ef5-47ac-7996dd497405	1639	1637	28901	590
94071cb4-9e85-5e1a-c0b4-40578c3df443	28901	590	1351	1350
04501530-ef13-01d8-81c9-8b27f4ce3607	287	286	1280	1279
f7ebcbea-949b-0f56-d65c-a97c62f10e2b	1423	1386	1639	1637
1e77a56a-4629-8ea4-db95-4b43854568ba	28901	590	1351	1350
24ed1dc8-b0e6-1903-e088-f12045fe06cb	1351	1350	1423	1386
95c59a18-9838-7bd0-3bdd-3d2e6e888edd	1351	1350	1639	1637
095a677b-ab82-41d5-215b-2aec1e2cab5d	1280	1279	1351	1350
f4296a28-45b9-9ee5-9811-5abc5f053af3	1639	1637	287	286
4d7c6884-87f3-8047-1e43-e63d7eed878e	287	286	28901	590
0e7f69bc-34a3-c621-d56b-0d96436b50ee	1351	1350	287	286
07eaad67-c5b4-2e82-30e0-8bb698044e0d	28901	590	287	286
8ea84681-4650-ac45-ae83-85dc6c6a0d5f	1639	1637	1280	1279
904296ea-20fd-0567-c0f3-4dde246e9ef8	28901	590	1423	1386
1bd4eff5-939a-31c9-3b73-9015629ab049	28901	590	562	561
6cf3b51d-e5f5-09f9-a36a-f4b7afebc710	1280	1279	1351	1350
bd18d16e-d121-b9a4-6d7d-4283b7ef3238	28901	590	287	286
bf8973a0-8609-d0f2-9f10-32941a0b74d4	1639	1637	562	561
da7e9b18-6170-9d7a-9cea-e7b0602152c3	562	561	1613	2742598
c7e6c806-c2b6-1cc8-bf0c-b8154015cb21	1280	1279	28901	590
2bfaef12-a7ce-3fe4-d0f3-6603bb7c994d	562	561	287	286
cb86df63-16fc-7cb0-e840-b0d913286d2e	28901	590	1351	1350
17f2e44f-1f70-1e5f-b043-d2b243265cf5	1639	1637	28901	590
a194449b-461b-2fb2-574b-b76d5d6af77c	562	561	1423	1386
42676eee-3ac1-7278-b4f0-8d6e5ed99fb6	1639	1637	562	561
442cfeb8-214b-3656-086c-11403a109c3d	287	286	1423	1386
e76f2aec-809d-900a-5cf7-6248299a633c	1639	1637	28901	590
7699b87e-f8d9-6ff5-28a3-3623895ef6d6	1351	1350	287	286
a7663e5f-8657-7246-d3db-69680bc29d85	1639	1637	1351	1350
d9c907b9-3f2e-559f-e7a0-fbac1b0ea2d7	28901	590	1280	1279
88d5454f-1c62-3002-3622-016ad7ac2ea2	1423	1386	562	561
f40fa7fb-ebba-c268-4bce-5b3b69d4f5dd	287	286	1351	1350
3dd2e37a-0ab1-3db0-0543-ce537323572d	1613	2742598	28901	590
13ad2b93-a2c8-a024-d771-aa59a742e3ac	562	561	1613	2742598
1dc7dda5-006a-6c8f-ec35-1303bf7dbd6f	-	-	28901	590
b78fa733-18f2-9cfd-2cb4-0c555dda350f	1423	1386	562	561
c153fa0c-6ba6-812a-3178-614b9aaf3fb4	1423	1386	1639	1637
6954508a-89c4-cc85-ba04-229ed3289dda	1639	1637	1280	1279
de7c3ea4-2773-c1cd-7cd7-63bfccaeeac1	1613	2742598	28901	590
81adeea7-c5be-4fcc-cb93-252785a4ea23	1639	1637	1613	2742598
3027b6b7-ed86-bde5-7e46-dbeac88ff5b9	28901	590	1351	1350
ea98eec9-f100-fc6b-1cca-9a8f8e45fa06	287	286	28901	590
f1233141-12e5-0bf0-2b12-de6bf64e6078	28901	590	287	286
4d853916-eaa3-0d5d-879c-39616ca98cde	1639	1637	1351	1350
0d543004-9ec6-5040-ccf2-bca76988fbfb	287	286	28901	590
34586e5d-bc0c-67ec-171c-48c7acdeeda7	562	561	28901	590
00588ed2-a1fd-7dcd-02c0-76b976f400b7	-	-	1639	1637
a86eb8d1-e8b0-1aa5-ea7e-292970e45ea7	-	-	28901	590
890d3af8-5ff6-4639-0e68-c614aa1bbf27	28901	590	1280	1279
0330a099-df12-3c12-08bd-5e5bc661c4c0	287	286	28901	590
0f1193f9-4b8d-c9c7-0cfe-2b53c8ce9e4b	1613	2742598	287	286
9a6b6d27-92c4-e519-6237-1c55f120e8b6	287	286	562	561
465335e1-271a-8885-9950-b021d02ac389	28901	590	1351	1350
5f9ca6f6-3e1c-2fd2-9216-b4cfbbc60cda	28901	590	287	286
bb1e41b1-7f24-798e-770a-1f0c12542e05	1613	2742598	1639	1637
895702f4-0602-2e2f-8c57-ebb99c018583	562	561	287	286
0c9ae6b2-c829-12c2-136f-fd9172458f7e	287	286	1351	1350
4a72c710-ec6e-fc68-0423-bfce697753f0	1639	1637	1423	1386
40059a01-c74d-1b3e-e3ca-27497ca1cefe	287	286	1280	1279
90771539-5712-0940-a22b-9206d13b3ab2	287	286	1613	2742598
37e243be-2b4f-ba2e-47d0-c2e721431cd3	1351	1350	562	561
51dd9a71-d0dd-bb36-f5d9-4607dfe581e8	562	561	1613	2742598
fd32808f-8ffd-5a13-1af8-5dfd6efd0481	28901	590	287	286
0e9a4b2c-2c5a-eb0e-2c98-89b08d03a9f4	1280	1279	1351	1350
