Number of false positive reads: 401.

id	correct_species_taxid	correct_genus_taxid	sam_species_taxid	sam_genus_taxid
10efb657-9aef-78a3-8694-4ad90281799e	1639	1637	1280	1279
56ff1c5c-8574-e821-8dd3-8d3ace9ce262	1423	1386	287	286
a6db05a2-1d61-0b71-e642-bb64b9c41000	1351	1350	287	286
b8589c9d-c00b-99fc-756d-c2994deba003	1423	1386	1351	1350
d143ae46-0302-4e80-b985-f3a7fd17ef7f	28901	590	287	286
3429fec5-b978-5417-eccf-cf8af61205c6	1351	1350	1639	1637
17c6fc22-0ba9-cc6c-e086-efd232eded60	1639	1637	1351	1350
043fcda4-cff5-58f2-534f-94023d0d08ba	1423	1386	1280	1279
65a77823-7a95-c126-2586-4d89c60b6f20	287	286	562	561
80408324-4914-f79b-dbaf-996feff89045	28901	590	1423	1386
88dc8541-01f9-53a2-8bd2-cb792a2a63ec	28901	590	287	286
f05b06b0-2bf9-2001-6355-7ab4efc1f626	562	561	1351	1350
1c109f4c-278e-c963-8c77-f5c3247e9208	-	-	562	561
8e5cf2ff-4281-5bc1-0d24-88d01a02d00f	562	561	1423	1386
392f0b2e-bce6-1db9-ccfb-daa6fad6222d	1613	2742598	562	561
d14b9e35-88f5-b01a-0bac-4b129faa7868	287	286	1280	1279
952466a7-34d9-568b-09b0-4c6da79006b7	562	561	287	286
5b3b71f3-c5a1-b0d3-d4fb-15d586a850c6	287	286	28901	590
10f58a96-331f-05a0-80ff-7b8dcc960482	1639	1637	1351	1350
fcaa9963-449e-216e-d14d-2e5cb961d7d9	1280	1279	1613	2742598
338ec3e0-260c-afb7-16b2-04755f15572e	1423	1386	28901	590
80376be6-ac8a-97dc-3619-111525856574	1639	1637	287	286
acb32f8c-2a09-9d06-a02d-8f1ac34b406d	28901	590	1423	1386
0964e9b7-5b5a-a9ba-031a-0df5ea956cbd	1613	2742598	562	561
ba0fc1a5-42e7-ca17-a388-a40c9d2c03fb	287	286	1639	1637
eedc414e-b5dd-ab6d-b2dd-8a2891124ea9	562	561	1423	1386
4a9c0982-c195-4c61-c141-59390b54a498	287	286	1423	1386
e1d9178e-11e3-7c2f-4607-7bbbd23e91d2	287	286	1351	1350
57dfd696-351b-217e-6e39-7f85cc53ca08	28901	590	1423	1386
f7c695d5-d1c0-7357-1055-b67576e13721	1423	1386	1639	1637
9b4563cb-b794-2d31-3c38-07bd8040a960	287	286	28901	590
aad526a9-a61b-267d-8507-0908b7d077c5	1639	1637	562	561
85883000-17fb-c16b-c171-83fea5651a3d	562	561	1423	1386
afe402da-1c42-5eea-c8d6-3b7c80310653	287	286	1423	1386
791afa07-0919-2409-a71b-0265e226a43f	562	561	1280	1279
8cc2bbbc-f05a-7d3c-3890-35edac53d7e0	1280	1279	287	286
2f70c8f3-9f56-30a2-7d5a-309cda680f32	562	561	287	286
d6fbbecd-4cc3-cbe3-c398-8964c2ae1ba6	-	-	1423	1386
0c1bdd20-a787-8962-0ce6-17dfec91ec77	287	286	1351	1350
f52c3f24-4395-e9e4-4aa3-6870e83b66b6	1639	1637	562	561
1460e17d-7764-3e3b-ab82-67184a9d51f9	1423	1386	1613	2742598
3b8a3d41-82ae-3db6-59a8-f476b8a5504d	1423	1386	28901	590
63ab3c0b-2e04-74c2-5dc2-00b0c3cfbf12	28901	590	562	561
b8628713-03a4-ed87-3c77-b4c9bba322c8	562	561	28901	590
e7ac4e17-2d92-4523-34cc-83250be9c946	1639	1637	287	286
117b3ee0-a6cf-90ac-d9b1-b1812fe4b081	1639	1637	28901	590
020b7293-28a0-6a72-f13f-8d72053ca784	562	561	287	286
aa6b7e81-dbd2-510d-68a1-2426d837a3f5	-	-	1351	1350
555689d6-72cf-6efd-434a-95796a317e23	-	-	1423	1386
e7f5b4e3-81c4-32a1-2dac-1d01db1062b8	1423	1386	28901	590
4b1bd53e-55e5-ba9b-4e31-666e71f369e9	1639	1637	28901	590
927b9971-7dba-481a-cf13-828eb984dc29	562	561	287	286
7b043e59-be23-1c84-a243-5cb6df3c3346	-	-	287	286
32590f74-65dc-562a-e0c1-93297a3816e1	562	561	287	286
2743d6cf-c413-cfa4-170e-2be7d65fca9b	287	286	1423	1386
6808888e-c0ea-fcb8-3987-6b9a1be745e0	1613	2742598	1280	1279
6b58e3b9-3a05-398b-6045-835000a99417	28901	590	287	286
6d0eac16-693d-9d29-9501-821476142e07	562	561	1351	1350
0afd3714-2208-9c7f-e522-df4b3761c196	28901	590	1351	1350
e3ba8b1c-bdc3-adb9-c330-ba6de57413a6	1613	2742598	287	286
24dbbe3a-14b5-8fa7-592c-be52b88b3abc	562	561	1351	1350
aadc7af9-995c-96f3-2e40-9e60ac3a505e	287	286	1280	1279
234f1f14-5826-a1da-04e5-92e495657be9	1351	1350	1639	1637
0977cb74-ede0-f16d-079f-6a42e864a0a5	1351	1350	287	286
a8eb1f0c-cddc-74e5-49a3-f50d8e3a847c	28901	590	1280	1279
a508fc3f-21c5-d0dd-9a08-b2045c0bb786	1351	1350	1639	1637
0cec5a08-399c-a56a-1ee9-2576147fa24c	1280	1279	562	561
2b14f847-8d2d-cab2-71c9-8f8c2a756e63	1423	1386	28901	590
e03e06c2-d1ce-b58b-1393-e13c12b645fb	28901	590	1423	1386
0e3a7fb4-01cc-b5f2-08b1-644325729794	-	-	1423	1386
d4b8968b-5e7d-3258-3dab-c0ba1a8eac2f	1639	1637	562	561
77329ad1-4f7a-3c63-d55c-ecad5382536a	1423	1386	1351	1350
62140b50-9982-3993-7d90-3f26d6f93b9f	1351	1350	562	561
f7301a1f-b2cf-bca6-998b-14714da75aa6	1423	1386	1639	1637
d0f952ce-11ca-5f2b-cbb4-49e752e19023	562	561	287	286
0eef8f6c-20bd-91ce-7193-d5ddf976e9b0	287	286	562	561
0f0d99c5-c076-2906-6c7f-b85616631dd5	28901	590	1423	1386
5d086128-c8ba-e6f4-796f-6371a2e494a2	1423	1386	28901	590
0097a64f-8eb4-6938-bfe1-2ca22dbf83f2	1351	1350	287	286
ca96c5b3-6341-3dd1-65b0-5548486422a7	562	561	1639	1637
b936e291-3764-9077-3aa1-9812de1d0eb7	1613	2742598	28901	590
8dc1b483-11bd-f05a-aa1c-8556719aa1ee	1613	2742598	1423	1386
a23d417e-bf9c-36c6-984b-1f8d0f37d48e	287	286	1280	1279
f22e3a79-a3aa-27fd-8a54-42c89da8f548	1613	2742598	28901	590
0942b8b0-151c-ef38-e18d-deb7b55e6296	1423	1386	562	561
f35f8e33-68bc-a7f3-f681-d90a229a1112	287	286	1423	1386
41626725-08c5-19e5-e474-dede37e0f91f	1280	1279	287	286
eaae3ab6-c052-9a4d-2c69-e791bdb351db	28901	590	1423	1386
ca42d968-1b58-7b06-b6c5-6a264adee480	1280	1279	28901	590
4f49280b-7826-66a6-9f83-0435bf8496f6	1639	1637	562	561
346e928e-b051-5ddd-96f2-2626069d8fdf	562	561	287	286
7f01aa42-f8ee-98d2-d0b4-61eb11dac733	562	561	1613	2742598
6dea2dd5-69ce-2f8f-405c-c770cb9f1535	287	286	28901	590
a097c3db-d481-3210-7ede-6925695c7268	1423	1386	28901	590
e190cb79-abfc-6303-e7a3-c485754faf75	1639	1637	1351	1350
361ef2ab-46ba-d782-e4b9-fe64665f2c17	1639	1637	1351	1350
66daf87b-7033-f4d5-b917-ad16d6e7f238	1639	1637	287	286
bc0d9f5d-fd88-c70a-76ba-f8dc0f1ded71	562	561	1423	1386
10a58fb5-d0c2-a814-700b-2446d6e4d49a	1423	1386	28901	590
bc1fac86-ec8d-e9e2-0f8f-7422885d48fd	-	-	562	561
e47fa861-1949-2b59-dcce-bf33d5c9dc6e	1423	1386	28901	590
d0d8fbb1-dc81-fd58-5738-bb31a9f61f8f	1639	1637	1351	1350
f7cb449b-5bda-0ec4-ce92-11066e2bf903	1280	1279	28901	590
536d748e-e487-96c9-2a44-7f80d74a65c8	1351	1350	28901	590
8df605d1-34a4-b306-f8f5-558dd775f0bd	562	561	287	286
9af6e05e-441e-b631-44f8-589a596d08c4	28901	590	287	286
832c476e-c449-a92d-4fce-2b380b0e9401	28901	590	287	286
08066ae2-0a79-434d-6175-f122ac18a5db	1351	1350	1639	1637
7693ec48-bafb-056a-f62e-d9cb41394d91	1639	1637	287	286
d4748d4f-fffb-73b6-ba2d-31b6e705df07	28901	590	562	561
115fe802-c31b-f6a1-731b-62f37af9e167	1613	2742598	562	561
5d7eecb8-95d7-1f52-1b5e-246c4f66ee26	-	-	287	286
53852fed-98b2-cb49-9bba-d59542bbfe5d	287	286	28901	590
1dd18ec5-2238-8be7-8beb-0453576abbda	1423	1386	1280	1279
1c2b3107-ac74-15b2-743b-08f320264eb2	1639	1637	1351	1350
c8bbc442-3da4-7ca0-7da5-e1616af2f2b0	287	286	1639	1637
37aebbbd-ee81-c810-67a9-3215c6b61aab	1351	1350	1613	2742598
ec59caf5-1766-1144-8de2-2a4f13845cca	-	-	28901	590
0487bc30-8106-1e6f-7d78-3a2791344f8a	1351	1350	1639	1637
da6f993f-118f-190e-e9e3-7a993abd84d0	287	286	1423	1386
cc56be0d-c749-67dc-e30b-5792fbe350e0	-	-	1423	1386
b5cadb95-a8d8-4cb7-1ba3-9622673bcaf3	1423	1386	1351	1350
7c362fac-5a11-e948-b749-23f99c153098	1613	2742598	1639	1637
e6149e55-e1b5-2846-3752-66ee851917ea	1639	1637	1351	1350
22618d65-0f56-d03d-56ea-ad662d9c2697	1351	1350	1639	1637
824cb2dc-0478-8d17-2787-2b0fee81f447	1639	1637	1351	1350
205a3a02-9410-7b59-0f76-cc9b5eb90499	562	561	1351	1350
a9a4cbac-5f7f-a0a1-ed0e-44b8fffd419a	287	286	1423	1386
4b371c80-0b0b-c161-e456-2c1d09a53187	28901	590	1639	1637
be7298b9-bfe3-1e62-12cc-15e5d3647516	287	286	1423	1386
d89440b3-30f9-095b-6d5c-f6fbc0cbd604	1423	1386	287	286
c24d5eb4-a919-d965-9135-0583ec0376de	287	286	1351	1350
49b38f4b-36a6-3621-ce1c-cd2b1237c70d	1613	2742598	562	561
1a744fa8-59e1-7ee7-483c-da4c2786edb1	287	286	1639	1637
512c57e7-8295-4311-c5de-cf8d3cd91a92	28901	590	1280	1279
a1fde11a-a5eb-5f1c-4c2f-56c3668ca49c	562	561	1423	1386
deb37b30-6c2e-df3c-7e2c-989f4f31a836	1280	1279	1613	2742598
896d8b73-43aa-966a-9ccb-7f469c42f83d	28901	590	562	561
5ca6bc17-7f3c-19a3-6a3c-6f2193e183ec	1351	1350	1639	1637
8975e5c6-de08-f255-6667-862d480247e9	1639	1637	287	286
b21477bd-e1bf-ea1c-411e-35bf48c26f85	1639	1637	287	286
6a5b5321-e3b7-0905-e745-36ddd27eece1	1423	1386	1351	1350
4e3b49ab-856f-c531-5a5b-0c603c1b7b37	1423	1386	28901	590
ca2d0ca7-253b-f978-129e-4f4f214b7af2	1613	2742598	28901	590
a3bfc665-fa3d-8d4e-bab8-43c0db6471d9	287	286	1280	1279
ae7667c8-b4b2-9aa2-bf6b-50ac34e7c1ad	1423	1386	287	286
495cc33a-01b4-07be-eed3-e5dbcbcdf1e3	1351	1350	1613	2742598
af43a0e3-65c1-c2d8-b62d-932653418cb4	287	286	1423	1386
e5c1791e-8231-e83a-fd45-b4ed5ae3cc83	1351	1350	1639	1637
33ab2ffc-a23c-bb2c-d53f-dc20f0d6e8a3	1423	1386	1280	1279
54beff40-9d55-69dc-571e-66d5bff775c1	1613	2742598	1351	1350
02aeff06-3727-1520-c70b-35a50119b046	1613	2742598	1423	1386
2b39e9f2-11e1-d4e1-080e-04c519395e21	28901	590	287	286
0c3a90da-bacf-fa67-9952-b0ff84210b79	1351	1350	1423	1386
82687f31-765e-254b-c8d7-c22d54a85667	1613	2742598	28901	590
72baea5b-d81e-fe4a-b10f-30a6eb8d8258	1639	1637	1351	1350
21d56a9f-2ea1-5057-1d89-0443c633d92c	1423	1386	28901	590
71bb3e59-2308-5122-d6fb-f4a56a14fa6e	287	286	28901	590
060a652e-a21d-1cb2-1b5d-bbafd413fed7	1351	1350	1280	1279
2ee361ae-c4b1-a5a9-5d68-946769894746	1423	1386	562	561
4f2077df-e003-974e-3da3-2eb5227f455b	-	-	1280	1279
8c5ec90c-3377-6a18-d4c8-3512b12c43e1	287	286	1639	1637
d2f41ded-76f4-bcd5-1d1e-64144ceabd37	1351	1350	1639	1637
efd699e8-1465-811b-d581-dbd924d6007a	1280	1279	1423	1386
5f066e99-8f13-e732-47cd-14b4dcee491e	1351	1350	1639	1637
19f4e2fd-206d-8498-1666-477adc2dc133	562	561	1423	1386
1ff3a1cf-3b74-a087-05eb-6703f732872e	1423	1386	562	561
02437251-a3b5-943d-86f7-7240a6c2ae50	28901	590	287	286
d683decc-63d0-141d-1e2d-31ea09bab584	1639	1637	1351	1350
00f40c4f-56e7-10cf-311f-099f3a2e0a53	287	286	28901	590
ab43d4f5-9620-5964-8864-4cb495124d2c	28901	590	287	286
004a6046-a57d-0c09-f622-3ac0e4cf0e0e	1423	1386	287	286
6f20d8ae-ed29-cce3-f11e-967d649c3d8f	1639	1637	1351	1350
8387742d-6227-1cb1-8fb3-d95abe997e5c	1613	2742598	287	286
7c5ac65d-0d5e-4f91-874c-734617734335	562	561	1280	1279
0f3601d1-038a-0716-4de4-9fa305465f5f	1613	2742598	562	561
cb2e73b0-e1fa-8452-e84a-3b3e15cf2bb2	1423	1386	1280	1279
c2d49e82-31ee-f124-6471-091791994cab	287	286	1639	1637
d70a6b92-b885-c067-c433-16ee0e488c80	287	286	1613	2742598
749ae035-f9f4-634a-4aa9-4bd2ab0fb3e4	1639	1637	1280	1279
f0c1cf45-4b25-5af3-45c0-a6af58c3fd38	1639	1637	1423	1386
203db88e-934e-bf76-4a34-1f4daa90ef78	287	286	28901	590
75352372-cf4e-41b2-7eac-895665feb468	562	561	1280	1279
7e846a6e-f9b2-fed6-2e81-5e4adec388d6	287	286	562	561
70acb740-e35c-620a-d22e-f48981e9aaf1	1280	1279	1613	2742598
b6739a70-31cc-81f4-c520-acaa8da5b6bc	1351	1350	562	561
202a3d15-c839-a889-6afd-3c7337f39793	1280	1279	1423	1386
f8b5cedc-c1e9-9fe6-df25-5651565b5c3e	1351	1350	562	561
9e3da822-21de-1d91-62e5-d5677e71b68a	1639	1637	1423	1386
6d0f1a51-285e-f4c5-552b-3e95e7a85b15	28901	590	1639	1637
316b50ae-ab60-3950-3e96-7d4e54397e81	1280	1279	1351	1350
108ab659-f74a-2be0-1251-3c0cf37e2106	287	286	1613	2742598
5d3e2174-5fb3-4127-1eff-8a5060ef9c2f	1613	2742598	1351	1350
efe9dd29-e2e6-602d-9a84-a21fc8253474	1351	1350	287	286
a0353408-1f62-e80d-63af-1a97d39ea471	1423	1386	562	561
9bf2b659-b413-1dba-cdeb-8fa4e08f84e5	1351	1350	1423	1386
90f890da-679d-fd04-2cca-45c67592d81b	1351	1350	1423	1386
b5489ad1-f5e0-27ba-7e67-5b21659bcb93	1351	1350	28901	590
033e767c-a4e9-607e-f35b-001853152fe8	1613	2742598	28901	590
4d976357-1195-e09e-3784-7a4d8c91e77d	-	-	1423	1386
2f7d2657-7d48-df8f-7efa-8fb9d933caa0	1423	1386	28901	590
ef404edf-96c8-155e-d3b1-8ee68ffe468f	287	286	1639	1637
02903c53-410e-6acd-c192-5060102eb8a0	1639	1637	1351	1350
c4b295a3-55fd-97d9-3f1d-027f344ea8ba	287	286	1639	1637
e11be80b-0e41-b3de-e5ab-8329db7c0138	28901	590	287	286
6a1dccc2-5669-883d-7c9a-12828ae151ca	1423	1386	28901	590
e092fcd9-50cc-80be-7669-f2e2051c67d3	1423	1386	1280	1279
17a3f65f-a36c-82d8-8904-49fc2f3da436	1280	1279	1639	1637
56335b43-8455-154b-55cf-5de2774ffa1c	562	561	1351	1350
cab83000-7e39-ecbd-dc4a-7baf7cf64cf3	287	286	562	561
efd74df7-4985-8e25-837b-d325386cc6d8	1351	1350	287	286
11ddbf2a-fc53-0be2-fc8d-c3e29b0a363a	562	561	1351	1350
a05e5863-622d-c74f-ab9d-1050311f5464	562	561	1351	1350
112d5dbc-fbfd-b3d6-6cc7-e1081add21ae	562	561	1639	1637
afabd767-93d7-47da-dc3b-4d6667161d16	1613	2742598	1351	1350
a68e7cea-885b-cd8b-c0c5-668ad4e0406f	28901	590	287	286
0a5f0922-8cf8-1c1f-2e17-4738fd58227a	287	286	28901	590
35df4f58-1301-f437-a216-fef62188174d	1423	1386	287	286
bb590173-43f2-0877-7958-d971916d7357	1613	2742598	28901	590
23f75083-fe10-f6b8-3ffe-8c1756bc8f3b	1351	1350	1639	1637
c9e4a0bb-77de-0191-2f75-b7aeca5b16ed	1639	1637	1280	1279
aa1f0c50-eca0-df39-edd0-9c65764b3520	1639	1637	1351	1350
9faebdb5-09f8-6656-6458-9f6d9bd2ce9e	1639	1637	28901	590
176c72be-fa9c-2158-e2a4-b05123793084	1351	1350	1639	1637
8bac2ccb-d662-29ff-4a70-a7c9a6491771	1639	1637	1351	1350
6a15dc28-8096-f117-322a-cea3485d843f	28901	590	1351	1350
1698463b-50f5-17ee-e893-85fdcd5b1c98	1423	1386	562	561
05d5aa86-4a81-8c56-e588-1d0a0a1d201c	-	-	28901	590
fba283db-86c4-f018-3a01-a0264a91637d	28901	590	287	286
89950088-46cc-11fb-a55d-c5a5138901b0	1423	1386	287	286
740c727b-8a17-4937-626a-df25170dd561	562	561	1280	1279
e5b6a6a1-d367-1c7c-1f28-33f1398bcc1d	1423	1386	287	286
44bf7c49-4fe1-bb79-6db2-a6ea38a7480a	287	286	28901	590
807343e2-5fb9-7113-ec28-87ec337a805d	1351	1350	1613	2742598
229841ee-fbeb-7749-4dca-473ff2895b08	1351	1350	1423	1386
f2d7042a-4462-a4ce-6cfa-06067483ab5a	-	-	287	286
7be81612-544f-a99a-9e4f-45a67634fd2a	1423	1386	1613	2742598
885593bb-a87a-ef19-5de0-d1d95e71b5ea	1639	1637	1351	1350
8e8958e6-9085-6230-3799-46b5abccad0a	1423	1386	1639	1637
7f7ff9e3-191d-24a7-bbe3-482859cda760	1423	1386	28901	590
37f0de87-3d1e-7bfc-8654-677f559bf306	1351	1350	1639	1637
a52dd837-ad47-b60f-13f2-3e73014afd7e	562	561	287	286
53f29024-08fe-98cd-d01a-05b536b41ecd	287	286	1423	1386
2cf3f282-146d-345b-f6ea-3639bcc03052	562	561	287	286
03005c0d-62b4-47c2-facb-c339fe37cefa	287	286	1423	1386
3d889d5e-26e7-e10e-8fc6-44b35a028752	1423	1386	1351	1350
29a4a1d9-9800-659f-f80e-bc552125602e	28901	590	287	286
2a2fbbfa-705e-2153-739a-be4da440b381	287	286	1280	1279
6f611925-3df7-e909-b7cb-02fe1506f724	1423	1386	1639	1637
2d8da1af-b933-284e-a21c-c7be158e0d7b	28901	590	1423	1386
1689d219-b3e6-89c4-6b42-ef0cd4b24ee5	1639	1637	1351	1350
5c22949a-b9b9-0fed-241e-5b45f7728156	-	-	1423	1386
c8b17e9b-6769-2559-0281-d0a0de321266	1423	1386	1639	1637
c154ca9b-4eda-8fe3-f504-745960b791b0	1423	1386	28901	590
52a9209e-27f7-0103-a254-e12b6f0aab83	28901	590	1423	1386
9bdf33f5-bd48-5b1f-e4a2-45536bcfe3e5	1280	1279	1423	1386
7f88226c-1d19-c7f4-6c57-9614fded0244	1423	1386	28901	590
b347056b-3405-1a99-f57c-8066afd1c6c5	1351	1350	1639	1637
5fec60e6-d87d-836f-9caf-21e53aa5bd57	1639	1637	562	561
e1a3b92b-c0f8-849d-78d7-e92db8830b0f	1639	1637	1351	1350
9be8ebbc-9c7e-e02d-ebbd-251b4f212d0b	-	-	1280	1279
a63b5ed9-f474-1a44-7985-dc58f24e3fb5	287	286	28901	590
c70dee8e-3d77-efd4-9195-77ecf10646c3	1639	1637	1351	1350
5b367844-4fec-3e5f-511e-80aef2149905	1639	1637	287	286
ded68b9d-711a-4c5d-cb8c-adee7648c225	1613	2742598	1423	1386
5db6f550-2aa0-0994-66b3-af27237e7433	287	286	562	561
2e0d789d-eb31-6a1a-275d-1e6bcd37b72f	1351	1350	562	561
fff8b0b4-fea3-33ff-ef05-ac9386c35341	562	561	287	286
6734bb38-9335-415d-3098-73abc6d9b1b3	287	286	1613	2742598
3815ad6d-289e-8107-7861-3278a5a37e87	1639	1637	562	561
b41e839a-02d9-8b3a-f702-28b3f4f9482a	1280	1279	562	561
480540a7-f4cd-0e2c-0268-bb7040acb47c	1280	1279	1423	1386
d08b9372-a9df-1f02-cef7-5357f84d26d1	1639	1637	1351	1350
0b27fb1e-aac2-19c1-0755-53e03bd8c9a8	1639	1637	287	286
8d08bf65-47f9-052f-da64-3daad4d28e38	1639	1637	1613	2742598
8bf4503d-3f91-c5d1-32e4-fa90b83539af	1639	1637	287	286
21551d8e-d5de-a339-e8b6-d38e97b97647	562	561	1639	1637
622546ed-ce21-774c-ed07-f30abdf3cfda	1639	1637	1351	1350
3b4c99b9-e9ba-2efe-f0a5-ec50cc5714bd	287	286	1639	1637
a984abf0-8822-d56b-b6d6-f745799d75bf	28901	590	1423	1386
9279b397-7d88-171c-b337-9d7e33f20b79	287	286	562	561
57b233d1-40a0-1421-2216-03e152d08da3	562	561	287	286
c2ae7be1-84cf-7b62-aaac-29fe012db8c1	1423	1386	1351	1350
77234e0f-52c3-3a4a-c050-aa4db027b345	-	-	287	286
f95c67ad-c026-7f7c-e88a-201da019aa54	287	286	1639	1637
15fabb25-c722-2590-3fa6-0ef8244ea691	28901	590	562	561
0780c9da-3b9e-ed85-53bf-fb53aa9db152	287	286	562	561
af8cd99d-c8ea-e299-c36e-45029d6a0ed2	1639	1637	1351	1350
2d0b8e10-2a53-070f-27aa-007b24e50d5b	28901	590	1423	1386
2f497375-3926-f6a4-40a8-c1b4c06dbd5a	1351	1350	1639	1637
c72cbad6-adc1-972c-5153-d55da572652e	1351	1350	1639	1637
68ae8503-45c7-712e-f4bf-2cabd7401677	28901	590	287	286
6ae8591c-80a7-fe4a-972c-89a08d9adfa8	1280	1279	562	561
b75f44f6-66cd-a640-ab46-1e3f5c88a2f1	1639	1637	1351	1350
800331b8-976e-412d-9666-1e42de087bc9	1351	1350	562	561
3d0cd35f-675b-a63d-506d-5aa48add182a	562	561	287	286
4ef43d7c-b726-7332-03f2-8eb7fa522464	1351	1350	562	561
9d59acb6-dfa8-eb20-00ee-4f6ebbf98c3f	287	286	1423	1386
fc279140-6085-a5fb-0eb3-91577756e80d	287	286	1351	1350
87689794-cae7-881d-7782-d4138bc8d578	1639	1637	1351	1350
e191563f-25e7-1c2e-2cf1-9eb99fa9b76c	1639	1637	1351	1350
fd281eca-09a4-8d46-167e-dde7d1c891fc	28901	590	1613	2742598
0a17c0d0-cbbf-d02b-6349-d150ae8a755a	1423	1386	287	286
2a94b0ff-f396-f224-d865-8cbeefc41229	1639	1637	28901	590
33e7d419-4c45-d424-7061-97c45abe1382	1280	1279	1423	1386
d5e920bd-b7f9-35e9-3a3f-6ed281909b91	562	561	1423	1386
0965f2e6-455b-8d92-b07b-4d22a5e8f7fb	287	286	1613	2742598
0932f096-4467-baf3-d86c-8de09bcb894f	287	286	562	561
42666314-eb01-1146-14dc-fd1eee44c074	1639	1637	1351	1350
7c18d93b-6163-6529-5cae-95bda0ff9542	1423	1386	28901	590
615c41a3-df5a-4001-7a40-faeb29140694	1280	1279	562	561
3fbacf9d-5c55-26a3-65a6-8ce3f4d1885c	28901	590	562	561
eaae0724-5066-154e-a60d-f45ee794eec9	1351	1350	1280	1279
a1a710ce-cda9-86cb-3280-2691c42b71b9	562	561	287	286
a23d4690-995a-da6a-4cd3-a90222051f0c	1613	2742598	287	286
b3848534-729d-53ed-4d15-9bb912fcee82	28901	590	287	286
70f4e217-66ca-a3d2-197a-cc701044c2e8	287	286	562	561
68b17f0d-a3a4-ae29-fc90-3f8e86af1aa4	28901	590	1280	1279
45b1c62e-026f-9022-5cae-63f9d1403fb4	1351	1350	1639	1637
874446a8-7a2b-06ef-2fb4-aea1b1fa060c	1423	1386	562	561
82412e1b-d50b-7bd5-015e-ece6aa8f5fd3	1639	1637	562	561
428daad5-8521-c471-9b5f-027665bc4c35	287	286	562	561
617da54a-3767-e45e-85f9-15de64cc7519	1351	1350	1639	1637
0cb46f50-910d-ad98-a8e4-a27be7cf4831	562	561	1423	1386
ce33bf12-dbe6-52b2-239c-e066df24e3ef	1639	1637	1280	1279
7a325259-5836-a40a-1645-418931b417c2	1639	1637	1351	1350
6604f7d4-9714-bf27-e705-075051864306	28901	590	1639	1637
c43fc113-fda1-6ef5-47ac-7996dd497405	1639	1637	28901	590
f9e14748-f821-29d0-95be-66c40dd45820	562	561	1613	2742598
2c88b855-b8c3-2372-5e67-c67b45e5bbe1	1639	1637	1351	1350
af6de41e-d9ba-9144-6cb2-43900aaac695	28901	590	562	561
e269ce93-b00f-a2dc-27b5-a28c87ccaa6c	562	561	1613	2742598
037c5d31-f468-ce1a-d5a8-14ad655284b1	287	286	1423	1386
95c59a18-9838-7bd0-3bdd-3d2e6e888edd	1351	1350	1639	1637
9a0f2a4e-f657-8496-aa74-a50f16cda239	1639	1637	562	561
fe8b29b4-e446-9464-eee4-55689351d22a	1423	1386	1351	1350
c2523b29-1b50-c306-12e9-3b8b86d3649d	1280	1279	1423	1386
c8ae9e42-7cfb-d4fd-314e-da60be830d90	562	561	28901	590
25b26dc3-55c4-82ec-0fe7-a299057fcd62	287	286	562	561
8c14ebb6-bd1a-69ef-6a69-761a6fc6d1d6	1639	1637	287	286
8d8b3bb5-b14d-00a0-fed1-212ea7b826aa	287	286	28901	590
8637affb-2fcf-bced-367b-440b2a87b8d0	1423	1386	1280	1279
def36f8e-829d-7041-1d64-d705d2bd9d0e	1351	1350	1639	1637
7138a6c6-b1dc-5396-c5bf-4a594b96fecb	1639	1637	562	561
0b5cd8a6-2dfb-d3e1-8bc0-6e39953c8375	28901	590	1423	1386
8a1a1a8d-22ac-37dc-ed5d-144296811fab	1280	1279	1639	1637
eda57dc9-0086-3930-8fa1-b99c3dba705b	1280	1279	1423	1386
8f626c32-1f63-2ae6-a0da-1e52b9f6aa3f	1613	2742598	562	561
3b93062d-2e1e-ef4c-0175-9fb1dd8e189c	28901	590	562	561
7a425d34-2367-9ca8-ee4f-a0ffc53d2425	287	286	562	561
6d8434d2-59e6-d27c-9a97-2a1c5ab23c69	28901	590	287	286
405c3c05-7531-a00f-cf0e-7f29597d670d	1613	2742598	28901	590
99bcb962-7c29-8454-f211-be4e2668225c	1423	1386	1639	1637
e3bc8623-52b9-06ae-af49-84153069d523	287	286	1351	1350
f61d4f14-147e-86ad-ad7d-2ba39ebbb2a7	1280	1279	562	561
373a0d1d-876e-83b0-1b1b-624f380f930c	287	286	1423	1386
e4e38314-6326-b6f9-241a-28fa96b835bd	1351	1350	1423	1386
7c704491-8711-3038-ffca-093a6655d105	1280	1279	28901	590
e57160a9-71f8-8f14-5891-8dbe47fd5a15	1280	1279	287	286
243d830f-c529-164e-22bb-a731d5f329fd	562	561	287	286
c91fa41d-7124-1122-5cc1-0e4ab3ecc997	1351	1350	287	286
d1ad8a0e-87c6-cb4e-bfc2-ee3c2f62bf68	1280	1279	287	286
5a56cb80-8945-639a-1b66-2a3577c93211	562	561	1639	1637
a7663e5f-8657-7246-d3db-69680bc29d85	1639	1637	1351	1350
4198cd64-0fe5-ad77-4e75-eeaf28fd30ec	1423	1386	562	561
cabec18e-af0b-8dd8-0340-01e7965c9939	1351	1350	28901	590
69de7b5c-dc7a-7869-50d6-6fbbf808e3e0	28901	590	1280	1279
a59763d6-73c6-b89d-afdd-ab194880246a	28901	590	562	561
31239d13-0598-ddf4-6274-0c00ac5559db	287	286	1423	1386
cef0f566-fad7-c06b-6593-c7b4c73d6d33	287	286	28901	590
d682c3ad-c877-e491-989f-99d74a392e3c	1639	1637	287	286
d3b7eb3a-04f1-15f2-c746-d6c57e8a6213	28901	590	287	286
51537d5d-202e-4d6f-b17d-d46fcc746a8c	1280	1279	562	561
88d5454f-1c62-3002-3622-016ad7ac2ea2	1423	1386	562	561
1dc7dda5-006a-6c8f-ec35-1303bf7dbd6f	-	-	28901	590
6f794715-36e6-99ce-3620-e7ab16f8621a	1639	1637	1351	1350
c153fa0c-6ba6-812a-3178-614b9aaf3fb4	1423	1386	1639	1637
87d8dbf6-e770-d3df-7007-a84ec52d3c77	28901	590	1613	2742598
a8c2f585-ec6c-fb9e-2f3c-2590e8a94816	1423	1386	28901	590
33997ae2-3fc8-a61b-c238-673afc86d227	28901	590	1351	1350
7e7b4c50-9127-80ac-7746-ef3eb211f141	1613	2742598	28901	590
98463f83-eb1f-c20f-8452-0dbac6a12058	287	286	1351	1350
00588ed2-a1fd-7dcd-02c0-76b976f400b7	-	-	1639	1637
fe3e116e-700e-d047-6f9f-51a4f1f76d48	1639	1637	28901	590
a86eb8d1-e8b0-1aa5-ea7e-292970e45ea7	-	-	28901	590
8e0d93ae-50a5-cecc-f771-5610c73444bb	287	286	1613	2742598
12f0a2cf-dd52-3b4c-5c27-d5dc29fe4e4a	28901	590	1280	1279
ca4180c7-6f7b-deb7-55f4-3e183eda2a70	562	561	287	286
0ba3fc7c-7586-6383-83c8-f14d0ca31c5f	1280	1279	1423	1386
36768baf-71f4-2230-7e13-142b7a8070c9	287	286	28901	590
720d118e-c067-6ba4-2582-bb56b08d86b8	28901	590	1639	1637
1482a4e3-a18f-c83d-8368-66b4d953524d	1351	1350	287	286
86fa80e6-552a-5cb7-f401-62792c3002d5	562	561	1613	2742598
c781848b-5088-a1ed-6e15-62ad40bdf7e1	28901	590	562	561
fbea4b6d-5217-3f1e-9f5d-0f8abc221597	287	286	28901	590
185b2d71-04c9-9ed5-8e9f-970b78159533	1351	1350	1423	1386
28797556-4261-4097-9b6c-c67762c70bd2	1639	1637	287	286
9ca0d47f-b4d8-c7e6-6a75-1ea8b0f3f2e5	1423	1386	1639	1637
f12dcf4e-ea07-a7cd-addc-ba65e6be521f	1613	2742598	1423	1386
90009163-73db-1c80-bc23-26f862ed0e9c	562	561	287	286
7f99a49d-d1cc-3998-da93-0e99fc753838	287	286	1351	1350
